return {
  ["twerk"] = {
    {Time = 0.000, Data = {
      ["Head"] = CFrame.new(0.000000, 0.000000, -0.000000, 0.999099, 0.036313, -0.021971, -0.023543, 0.043442, -0.998778, -0.035314, 0.998396, 0.044258),
      ["LeftFoot"] = CFrame.new(0.000000, -0.000205, 0.000000, 0.862479, -0.473016, -0.179961, 0.351952, 0.816116, -0.458350, 0.363675, 0.331980, 0.870362),
      ["LeftHand"] = CFrame.new(-0.000000, 0.000093, 0.000000, 0.999992, -0.003971, -0.000009, 0.003971, 0.999983, 0.004316, -0.000009, -0.004316, 0.999991),
      ["LeftLowerArm"] = CFrame.new(-0.000500, -0.000100, 0.003309, 1.000000, 0.000000, 0.000000, 0.000000, 0.843554, -0.537044, 0.000000, 0.537044, 0.843554),
      ["LeftLowerLeg"] = CFrame.new(0.000000, 0.000200, -0.002918, 1.000000, 0.000000, 0.000000, 0.000000, 0.999997, -0.002590, 0.000000, 0.002590, 0.999997),
      ["LeftUpperArm"] = CFrame.new(-0.013997, -0.072770, -0.354449, 0.958970, 0.216244, -0.183346, -0.252755, 0.359167, -0.898395, -0.128420, 0.907875, 0.399087),
      ["LeftUpperLeg"] = CFrame.new(-0.006443, -0.107659, 0.145619, 0.757227, 0.234134, 0.609744, 0.029306, 0.920422, -0.389825, -0.652494, 0.313055, 0.690107),
      ["LowerTorso"] = CFrame.new(0.000000, -0.361619, 0.388906, 0.999099, -0.039479, -0.015564, 0.036343, 0.606676, 0.794118, -0.021908, -0.793968, 0.607564),
      ["RightFoot"] = CFrame.new(-0.000000, -0.000005, -0.000100, 0.949721, 0.292577, 0.111481, -0.234079, 0.899969, -0.367780, -0.207933, 0.323194, 0.923206),
      ["RightHand"] = CFrame.new(0.000000, -0.000007, 0.000000, 1.000000, -0.000000, 0.000000, 0.000000, 0.999991, 0.004316, -0.000000, -0.004316, 0.999991),
      ["RightLowerArm"] = CFrame.new(-0.000000, 0.000000, 0.003309, 1.000000, 0.000000, 0.000000, 0.000000, 0.940000, -0.341175, 0.000000, 0.341175, 0.940000),
      ["RightLowerLeg"] = CFrame.new(-0.000000, 0.000000, -0.003018, 1.000000, 0.000000, 0.000000, 0.000000, 0.999997, -0.002590, 0.000000, 0.002590, 0.999997),
      ["RightUpperArm"] = CFrame.new(0.001409, -0.073863, -0.410219, 0.997995, -0.051093, 0.037358, 0.058116, 0.505890, -0.860638, 0.025074, 0.861084, 0.507845),
      ["RightUpperLeg"] = CFrame.new(0.000000, 0.000000, 0.274411, 0.877113, -0.123141, -0.464229, -0.117960, 0.881734, -0.456761, 0.465572, 0.455392, 0.758855),
      ["UpperTorso"] = CFrame.new(0.000000, 0.000000, -0.000000, 1.000000, -0.000000, 0.000000, 0.000000, 0.820244, 0.572013, -0.000000, -0.572013, 0.820244)
    }},
    {Time = 0.033, Data = {
      ["Head"] = CFrame.new(0.000000, 0.000000, 0.000000, 0.998786, 0.048096, -0.010684, -0.013349, 0.055422, -0.998374, -0.047425, 0.997304, 0.055997),
      ["LeftFoot"] = CFrame.new(0.000000, -0.000205, 0.000000, 0.863520, -0.471355, -0.179327, 0.350330, 0.816437, -0.459021, 0.362770, 0.333550, 0.870139),
      ["LeftHand"] = CFrame.new(0.000000, 0.000093, -0.000000, 0.999992, -0.003971, -0.000009, 0.003971, 0.999983, 0.004316, -0.000009, -0.004316, 0.999991),
      ["LeftLowerArm"] = CFrame.new(-0.000500, -0.000100, 0.003309, 1.000000, 0.000000, 0.000000, 0.000000, 0.850525, -0.525935, 0.000000, 0.525935, 0.850525),
      ["LeftLowerLeg"] = CFrame.new(0.000000, 0.000200, -0.002918, 1.000000, 0.000000, 0.000000, 0.000000, 0.999997, -0.002590, 0.000000, 0.002590, 0.999997),
      ["LeftUpperArm"] = CFrame.new(-0.013735, -0.072504, -0.345642, 0.959353, 0.214343, -0.183571, -0.251336, 0.353110, -0.901190, -0.128343, 0.910698, 0.392629),
      ["LeftUpperLeg"] = CFrame.new(-0.008696, -0.104933, 0.148975, 0.758696, 0.232813, 0.608423, 0.029630, 0.920660, -0.389239, -0.650770, 0.313342, 0.691603),
      ["LowerTorso"] = CFrame.new(0.000000, -0.368616, 0.388906, 0.999086, -0.039940, -0.015215, 0.036346, 0.606665, 0.794127, -0.022487, -0.793954, 0.607562),
      ["RightFoot"] = CFrame.new(-0.000000, -0.000004, -0.000100, 0.949641, 0.292806, 0.111563, -0.233929, 0.899392, -0.369285, -0.208468, 0.324590, 0.922595),
      ["RightHand"] = CFrame.new(-0.000000, -0.000007, -0.000000, 1.000000, -0.000000, 0.000000, 0.000000, 0.999991, 0.004316, -0.000000, -0.004316, 0.999991),
      ["RightLowerArm"] = CFrame.new(0.000000, -0.000000, 0.003309, 1.000000, 0.000000, 0.000000, 0.000000, 0.937217, -0.348746, 0.000000, 0.348746, 0.937217),
      ["RightLowerLeg"] = CFrame.new(-0.000000, 0.000000, -0.003018, 1.000000, 0.000000, 0.000000, 0.000000, 0.999997, -0.002590, 0.000000, 0.002590, 0.999997),
      ["RightUpperArm"] = CFrame.new(0.001290, -0.074139, -0.406571, 0.997975, -0.051547, 0.037268, 0.058304, 0.507066, -0.859933, 0.025429, 0.860364, 0.509045),
      ["RightUpperLeg"] = CFrame.new(0.001915, -0.000076, 0.274386, 0.876773, -0.122233, -0.465112, -0.118347, 0.882574, -0.455036, 0.466116, 0.454008, 0.759350),
      ["UpperTorso"] = CFrame.new(-0.000000, 0.000000, 0.000000, 0.999997, 0.002565, -0.000099, -0.002047, 0.820241, 0.572014, 0.001548, -0.572012, 0.820244)
    }},
    {Time = 0.067, Data = {
      ["Head"] = CFrame.new(-0.000000, 0.000000, -0.000000, 0.996538, 0.080358, 0.021312, 0.014024, 0.090198, -0.995825, -0.081945, 0.992677, 0.088759),
      ["LeftFoot"] = CFrame.new(-0.000000, -0.000205, -0.000000, 0.866445, -0.466658, -0.177492, 0.345799, 0.817333, -0.460858, 0.360133, 0.337931, 0.869544),
      ["LeftHand"] = CFrame.new(0.000000, 0.000093, -0.000000, 0.999992, -0.003971, -0.000009, 0.003971, 0.999983, 0.004316, -0.000009, -0.004316, 0.999991),
      ["LeftLowerArm"] = CFrame.new(-0.000500, -0.000100, 0.003309, 1.000000, 0.000000, 0.000000, 0.000000, 0.869073, -0.494684, 0.000000, 0.494684, 0.869073),
      ["LeftLowerLeg"] = CFrame.new(-0.000000, 0.000200, -0.002918, 1.000000, 0.000000, 0.000000, 0.000000, 0.999997, -0.002590, 0.000000, 0.002590, 0.999997),
      ["LeftUpperArm"] = CFrame.new(-0.012967, -0.071751, -0.321003, 0.960422, 0.209038, -0.184100, -0.247350, 0.336096, -0.908767, -0.128092, 0.918337, 0.374499),
      ["LeftUpperLeg"] = CFrame.new(-0.014969, -0.097344, 0.158318, 0.762849, 0.228797, 0.604742, 0.030735, 0.921409, -0.387376, -0.645845, 0.314096, 0.695864),
      ["LowerTorso"] = CFrame.new(0.000000, -0.388096, 0.388906, 0.999050, -0.041209, -0.014205, 0.036314, 0.606635, 0.794150, -0.024108, -0.793912, 0.607555),
      ["RightFoot"] = CFrame.new(-0.000000, -0.000005, -0.000100, 0.949376, 0.293562, 0.111831, -0.233585, 0.897716, -0.373557, -0.210054, 0.328524, 0.920842),
      ["RightHand"] = CFrame.new(-0.000000, -0.000007, -0.000000, 1.000000, -0.000000, 0.000000, 0.000000, 0.999991, 0.004316, -0.000000, -0.004316, 0.999991),
      ["RightLowerArm"] = CFrame.new(-0.000000, -0.000000, 0.003309, 1.000000, 0.000000, 0.000000, 0.000000, 0.929013, -0.370048, 0.000000, 0.370048, 0.929013),
      ["RightLowerLeg"] = CFrame.new(-0.000000, 0.000000, -0.003018, 1.000000, 0.000000, 0.000000, 0.000000, 0.999997, -0.002590, 0.000000, 0.002590, 0.999997),
      ["RightUpperArm"] = CFrame.new(0.000917, -0.074933, -0.395969, 0.997929, -0.052542, 0.037112, 0.058767, 0.510006, -0.858161, 0.026162, 0.858565, 0.512038),
      ["RightUpperLeg"] = CFrame.new(0.007047, -0.000278, 0.274317, 0.875787, -0.120052, -0.467530, -0.119080, 0.884907, -0.450289, 0.467779, 0.450031, 0.760694),
      ["UpperTorso"] = CFrame.new(0.000000, 0.000000, 0.000000, 0.999957, 0.009275, -0.000433, -0.007360, 0.820206, 0.572021, 0.005661, -0.571993, 0.820239)
    }},
    {Time = 0.100, Data = {
      ["Head"] = CFrame.new(0.000000, 0.000000, 0.000000, 0.989180, 0.127631, 0.072342, 0.053467, 0.145565, -0.987903, -0.136617, 0.981082, 0.137166),
      ["LeftFoot"] = CFrame.new(-0.000000, -0.000205, 0.000000, 0.871095, -0.459031, -0.174598, 0.338557, 0.818811, -0.463604, 0.355771, 0.344732, 0.868670),
      ["LeftHand"] = CFrame.new(0.000000, 0.000093, -0.000000, 0.999992, -0.003971, -0.000009, 0.003971, 0.999983, 0.004316, -0.000009, -0.004316, 0.999991),
      ["LeftLowerArm"] = CFrame.new(-0.000500, -0.000100, 0.003309, 1.000000, 0.000000, 0.000000, 0.000000, 0.895581, -0.444899, 0.000000, 0.444899, 0.895581),
      ["LeftLowerLeg"] = CFrame.new(0.000000, 0.000200, -0.002918, 1.000000, 0.000000, 0.000000, 0.000000, 0.999997, -0.002590, 0.000000, 0.002590, 0.999997),
      ["LeftUpperArm"] = CFrame.new(-0.011726, -0.070588, -0.283205, 0.962032, 0.200897, -0.184758, -0.241254, 0.309343, -0.919839, -0.127639, 0.929488, 0.346065),
      ["LeftUpperLeg"] = CFrame.new(-0.024530, -0.085775, 0.172559, 0.769358, 0.222358, 0.598870, 0.032623, 0.922567, -0.384456, -0.637985, 0.315321, 0.702530),
      ["LowerTorso"] = CFrame.new(0.000000, -0.417789, 0.388906, 0.998991, -0.043055, -0.012805, 0.036326, 0.606666, 0.794126, -0.026422, -0.793790, 0.607618),
      ["RightFoot"] = CFrame.new(0.000000, -0.000004, -0.000100, 0.948839, 0.295082, 0.112387, -0.233321, 0.895023, -0.380126, -0.212758, 0.334456, 0.918081),
      ["RightHand"] = CFrame.new(0.000000, -0.000007, -0.000000, 1.000000, -0.000000, 0.000000, 0.000000, 0.999991, 0.004316, -0.000000, -0.004316, 0.999991),
      ["RightLowerArm"] = CFrame.new(0.000000, -0.000000, 0.003309, 1.000000, 0.000000, 0.000000, 0.000000, 0.916044, -0.401078, 0.000000, 0.401078, 0.916044),
      ["RightLowerLeg"] = CFrame.new(0.000000, 0.000000, -0.003018, 1.000000, 0.000000, 0.000000, 0.000000, 0.999997, -0.002590, 0.000000, 0.002590, 0.999997),
      ["RightUpperArm"] = CFrame.new(0.000262, -0.076195, -0.378927, 0.997855, -0.054046, 0.036930, 0.059485, 0.513248, -0.856176, 0.027319, 0.856537, 0.515362),
      ["RightUpperLeg"] = CFrame.new(0.014476, -0.000572, 0.274215, 0.874232, -0.116851, -0.471237, -0.120092, 0.888399, -0.443087, 0.470421, 0.443953, 0.762633),
      ["UpperTorso"] = CFrame.new(-0.000000, 0.000000, -0.000000, 0.999815, 0.019203, -0.000931, -0.015217, 0.820030, 0.572118, 0.011750, -0.571999, 0.820170)
    }},
    {Time = 0.133, Data = {
      ["Head"] = CFrame.new(0.000000, -0.000000, 0.000000, 0.972927, 0.183419, 0.140604, 0.098843, 0.219696, -0.970548, -0.208908, 0.958171, 0.195619),
      ["LeftFoot"] = CFrame.new(-0.000000, -0.000205, -0.000000, 0.877362, -0.448472, -0.170611, 0.328728, 0.820810, -0.467129, 0.349533, 0.353757, 0.867573),
      ["LeftHand"] = CFrame.new(0.000000, 0.000093, -0.000000, 0.999992, -0.003971, -0.000009, 0.003971, 0.999983, 0.004316, -0.000009, -0.004316, 0.999991),
      ["LeftLowerArm"] = CFrame.new(-0.000500, -0.000100, 0.003309, 1.000000, 0.000000, 0.000000, 0.000000, 0.926684, -0.375840, 0.000000, 0.375840, 0.926684),
      ["LeftLowerLeg"] = CFrame.new(-0.000000, 0.000200, -0.002918, 1.000000, 0.000000, 0.000000, 0.000000, 0.999997, -0.002590, 0.000000, 0.002590, 0.999997),
      ["LeftUpperArm"] = CFrame.new(-0.010050, -0.069098, -0.234921, 0.964026, 0.190290, -0.185590, -0.233544, 0.272951, -0.933250, -0.126931, 0.943020, 0.307573),
      ["LeftUpperLeg"] = CFrame.new(-0.036649, -0.071112, 0.190609, 0.777995, 0.213571, 0.590856, 0.035429, 0.924038, -0.380655, -0.627271, 0.317081, 0.711331),
      ["LowerTorso"] = CFrame.new(0.000000, -0.455426, 0.388906, 0.998914, -0.045246, -0.011095, 0.036300, 0.606689, 0.794110, -0.029199, -0.793651, 0.607672),
      ["RightFoot"] = CFrame.new(0.000000, -0.000004, -0.000100, 0.948031, 0.297335, 0.113270, -0.207376, 0.847404, -0.488776, -0.241316, 0.439885, 0.865025),
      ["RightHand"] = CFrame.new(0.000000, -0.000007, 0.000000, 1.000000, -0.000000, 0.000000, 0.000000, 0.999991, 0.004316, -0.000000, -0.004316, 0.999991),
      ["RightLowerArm"] = CFrame.new(-0.000000, 0.000000, 0.003309, 1.000000, 0.000000, 0.000000, 0.000000, 0.899333, -0.437264, 0.000000, 0.437264, 0.899333),
      ["RightLowerLeg"] = CFrame.new(-0.000000, 0.000000, -0.003018, 1.000000, -0.000000, 0.000000, 0.000000, 0.972029, 0.234863, -0.000000, -0.234863, 0.972029),
      ["RightUpperArm"] = CFrame.new(-0.000701, -0.077871, -0.355966, 0.997752, -0.056020, 0.036775, 0.060431, 0.515007, -0.855053, 0.028961, 0.855353, 0.517235),
      ["RightUpperLeg"] = CFrame.new(0.023284, -0.000920, 0.274093, 0.872151, -0.172477, -0.457827, -0.121016, 0.830661, -0.543468, 0.474034, 0.529391, 0.703589),
      ["UpperTorso"] = CFrame.new(0.000000, -0.000000, 0.000000, 0.999523, 0.030850, -0.001428, -0.024481, 0.819668, 0.572315, 0.018827, -0.572007, 0.820033)
    }},
    {Time = 0.167, Data = {
      ["Head"] = CFrame.new(-0.000000, 0.000000, 0.000000, 0.944769, 0.240427, 0.222725, 0.143185, 0.308496, -0.940387, -0.294805, 0.920340, 0.257032),
      ["LeftFoot"] = CFrame.new(0.000000, -0.000205, -0.000000, 0.885003, -0.435171, -0.165517, 0.316733, 0.823293, -0.471029, 0.341247, 0.364438, 0.866450),
      ["LeftHand"] = CFrame.new(0.000000, 0.000093, 0.000000, 0.999992, -0.003971, -0.000009, 0.003971, 0.999983, 0.004316, -0.000009, -0.004316, 0.999991),
      ["LeftLowerArm"] = CFrame.new(-0.000500, -0.000100, 0.003309, 1.000000, 0.000000, 0.000000, 0.000000, 0.958611, -0.284719, 0.000000, 0.284719, 0.958611),
      ["LeftLowerLeg"] = CFrame.new(0.000000, 0.000200, -0.002918, 1.000000, 0.000000, 0.000000, 0.000000, 0.999997, -0.002590, 0.000000, 0.002590, 0.999997),
      ["LeftUpperArm"] = CFrame.new(-0.007977, -0.067369, -0.178816, 0.966293, 0.177262, -0.186700, -0.224562, 0.225701, -0.947962, -0.125899, 0.957934, 0.257900),
      ["LeftUpperLeg"] = CFrame.new(-0.050595, -0.054239, 0.211381, 0.788439, 0.202604, 0.580789, 0.039232, 0.925713, -0.376187, -0.613861, 0.319386, 0.721920),
      ["LowerTorso"] = CFrame.new(0.000000, -0.498736, 0.388906, 0.998825, -0.047553, -0.009345, 0.036314, 0.606705, 0.794097, -0.032092, -0.793503, 0.607719),
      ["RightFoot"] = CFrame.new(-0.000000, -0.000005, -0.000100, 0.946887, 0.300495, 0.114487, -0.178499, 0.787311, -0.590152, -0.267475, 0.538372, 0.799133),
      ["RightHand"] = CFrame.new(0.000000, -0.000007, -0.000000, 1.000000, -0.000000, 0.000000, 0.000000, 0.999991, 0.004316, -0.000000, -0.004316, 0.999991),
      ["RightLowerArm"] = CFrame.new(-0.000000, -0.000000, 0.003309, 1.000000, 0.000000, 0.000000, 0.000000, 0.879629, -0.475660, 0.000000, 0.475660, 0.879629),
      ["RightLowerLeg"] = CFrame.new(-0.000000, 0.000001, -0.003018, 1.000000, -0.000000, 0.000000, 0.000000, 0.889701, 0.456543, -0.000000, -0.456543, 0.889701),
      ["RightUpperArm"] = CFrame.new(-0.001996, -0.079912, -0.327605, 0.997616, -0.058311, 0.036920, 0.061707, 0.514018, -0.855557, 0.030911, 0.855795, 0.516391),
      ["RightUpperLeg"] = CFrame.new(0.032552, -0.001286, 0.273959, 0.869561, -0.226145, -0.439001, -0.121728, 0.763389, -0.634365, 0.478587, 0.605058, 0.636285),
      ["UpperTorso"] = CFrame.new(0.000000, -0.000000, -0.000000, 0.999067, 0.043147, -0.001988, -0.034238, 0.819162, 0.572539, 0.026332, -0.571936, 0.819875)
    }},
    {Time = 0.200, Data = {
      ["Head"] = CFrame.new(-0.000000, 0.000000, 0.000000, 0.903700, 0.291571, 0.313549, 0.179994, 0.405753, -0.896084, -0.388496, 0.866228, 0.314197),
      ["LeftFoot"] = CFrame.new(-0.000000, -0.000205, 0.000000, 0.893812, -0.419141, -0.159438, 0.302652, 0.826173, -0.475226, 0.330910, 0.376509, 0.865297),
      ["LeftHand"] = CFrame.new(0.000000, 0.000093, -0.000000, 0.999992, -0.003971, -0.000009, 0.003971, 0.999983, 0.004316, -0.000009, -0.004316, 0.999991),
      ["LeftLowerArm"] = CFrame.new(-0.000500, -0.000100, 0.003309, 1.000000, 0.000000, 0.000000, 0.000000, 0.987645, -0.156706, 0.000000, 0.156706, 0.987645),
      ["LeftLowerLeg"] = CFrame.new(0.000000, 0.000200, -0.002918, 1.000000, 0.000000, 0.000000, 0.000000, 0.999997, -0.002590, 0.000000, 0.002590, 0.999997),
      ["LeftUpperArm"] = CFrame.new(-0.005538, -0.065494, -0.117559, 0.968691, 0.160836, -0.189131, -0.214750, 0.160544, -0.963384, -0.124583, 0.973836, 0.190057),
      ["LeftUpperLeg"] = CFrame.new(-0.065638, -0.036039, 0.233786, 0.800242, 0.189647, 0.568900, 0.044140, 0.927475, -0.371271, -0.598051, 0.322218, 0.733833),
      ["LowerTorso"] = CFrame.new(0.000000, -0.545450, 0.388906, 0.998733, -0.049743, -0.007637, 0.036288, 0.606648, 0.794142, -0.034870, -0.793413, 0.607684),
      ["RightFoot"] = CFrame.new(-0.000000, -0.000004, -0.000100, 0.945300, 0.304840, 0.116105, -0.156766, 0.736674, -0.657826, -0.286063, 0.603642, 0.744167),
      ["RightHand"] = CFrame.new(-0.000000, -0.000007, 0.000000, 1.000000, -0.000000, 0.000000, 0.000000, 0.999991, 0.004316, -0.000000, -0.004316, 0.999991),
      ["RightLowerArm"] = CFrame.new(0.000000, 0.000000, 0.003309, 1.000000, 0.000000, 0.000000, 0.000000, 0.858441, -0.512913, 0.000000, 0.512913, 0.858441),
      ["RightLowerLeg"] = CFrame.new(0.000000, 0.000000, -0.003018, 1.000000, -0.000000, 0.000000, 0.000000, 0.803733, 0.594990, -0.000000, -0.594990, 0.803733),
      ["RightUpperArm"] = CFrame.new(-0.003650, -0.082269, -0.294372, 0.997449, -0.060859, 0.037301, 0.063163, 0.509083, -0.858397, 0.033252, 0.858563, 0.511628),
      ["RightUpperLeg"] = CFrame.new(0.041361, -0.001634, 0.273827, 0.866446, -0.262224, -0.424865, -0.121803, 0.714237, -0.689224, 0.484185, 0.648925, 0.586908),
      ["UpperTorso"] = CFrame.new(0.000000, -0.000000, -0.000000, 0.998489, 0.054894, -0.002534, -0.043548, 0.818549, 0.572783, 0.033517, -0.571807, 0.819703)
    }},
    {Time = 0.233, Data = {
      ["Head"] = CFrame.new(0.000000, 0.000000, 0.000000, 0.851485, 0.331503, 0.406299, 0.204306, 0.503864, -0.839274, -0.482941, 0.797638, 0.361305),
      ["LeftFoot"] = CFrame.new(0.000000, -0.000205, 0.000000, 0.903555, -0.400483, -0.152322, 0.267250, 0.804631, -0.530232, 0.334912, 0.438386, 0.834057),
      ["LeftHand"] = CFrame.new(-0.000000, 0.000093, 0.000000, 0.999992, -0.003971, -0.000009, 0.003971, 0.999983, 0.004316, -0.000009, -0.004316, 0.999991),
      ["LeftLowerArm"] = CFrame.new(-0.000500, -0.000100, 0.003309, 1.000000, -0.000000, 0.000000, 0.000000, 0.999994, 0.003367, -0.000000, -0.003367, 0.999994),
      ["LeftLowerLeg"] = CFrame.new(-0.000000, 0.000200, -0.002918, 1.000000, -0.000000, 0.000000, 0.000000, 0.992199, 0.124664, -0.000000, -0.124664, 0.992199),
      ["LeftUpperArm"] = CFrame.new(-0.002759, -0.063568, -0.053815, 0.971101, 0.141633, -0.192100, -0.204605, 0.079641, -0.975599, -0.122878, 0.986710, 0.106318),
      ["LeftUpperLeg"] = CFrame.new(-0.081045, -0.017396, 0.256736, 0.813123, 0.211839, 0.542176, 0.050329, 0.902354, -0.428047, -0.579911, 0.375342, 0.723064),
      ["LowerTorso"] = CFrame.new(0.000000, -0.593300, 0.388906, 0.998649, -0.051588, -0.006237, 0.036299, 0.606674, 0.794121, -0.037184, -0.793275, 0.607727),
      ["RightFoot"] = CFrame.new(0.000000, -0.000005, -0.000100, 0.943198, 0.310451, 0.118308, -0.138176, 0.690409, -0.710101, -0.302133, 0.653418, 0.694090),
      ["RightHand"] = CFrame.new(-0.000000, -0.000007, -0.000000, 1.000000, -0.000000, 0.000000, 0.000000, 0.999991, 0.004316, -0.000000, -0.004316, 0.999991),
      ["RightLowerArm"] = CFrame.new(-0.000000, -0.000000, 0.003309, 1.000000, 0.000000, 0.000000, 0.000000, 0.837017, -0.547176, 0.000000, 0.547176, 0.837017),
      ["RightLowerLeg"] = CFrame.new(0.000000, 0.000000, -0.003018, 1.000000, -0.000000, 0.000000, 0.000000, 0.718905, 0.695108, -0.000000, -0.695108, 0.718905),
      ["RightUpperArm"] = CFrame.new(-0.005688, -0.084893, -0.256788, 0.997244, -0.063629, 0.038164, 0.064922, 0.499273, -0.864009, 0.035922, 0.864105, 0.502028),
      ["RightUpperLeg"] = CFrame.new(0.048790, -0.001927, 0.273706, 0.862887, -0.291692, -0.412724, -0.121043, 0.673591, -0.729126, 0.490687, 0.679111, 0.545926),
      ["UpperTorso"] = CFrame.new(-0.000000, 0.000000, 0.000000, 0.997890, 0.064867, -0.002906, -0.051492, 0.817812, 0.573177, 0.039556, -0.571818, 0.819427)
    }},
    {Time = 0.267, Data = {
      ["Head"] = CFrame.new(0.000000, 0.000000, 0.000000, 0.792536, 0.358011, 0.493675, 0.214186, 0.594544, -0.775011, -0.570974, 0.719962, 0.394516),
      ["LeftFoot"] = CFrame.new(0.000000, -0.000205, 0.000000, 0.913839, -0.379536, -0.144399, 0.210399, 0.746679, -0.631033, 0.347319, 0.546281, 0.762198),
      ["LeftHand"] = CFrame.new(-0.000000, 0.000093, -0.000000, 0.999992, -0.003971, -0.000009, 0.003971, 0.999983, 0.004316, -0.000009, -0.004316, 0.999991),
      ["LeftLowerArm"] = CFrame.new(-0.000500, -0.000100, 0.003309, 1.000000, -0.000000, 0.000000, 0.000000, 0.999994, 0.003367, -0.000000, -0.003367, 0.999994),
      ["LeftLowerLeg"] = CFrame.new(0.000000, 0.000200, -0.002918, 1.000000, -0.000000, 0.000000, 0.000000, 0.927245, 0.374454, -0.000000, -0.374454, 0.927245),
      ["LeftUpperArm"] = CFrame.new(0.000348, -0.061678, 0.009756, 0.973417, 0.138110, -0.182717, -0.194621, 0.078158, -0.977760, -0.120757, 0.987328, 0.102959),
      ["LeftUpperLeg"] = CFrame.new(-0.096088, 0.000804, 0.279140, 0.826597, 0.264724, 0.496647, 0.057850, 0.837826, -0.542863, -0.559813, 0.477460, 0.677231),
      ["LowerTorso"] = CFrame.new(0.000000, -0.640014, 0.388906, 0.998590, -0.052818, -0.005305, 0.036306, 0.606640, 0.794147, -0.038727, -0.793220, 0.607702),
      ["RightFoot"] = CFrame.new(-0.000000, -0.000005, -0.000100, 0.940511, 0.317513, 0.120931, -0.122391, 0.648641, -0.751189, -0.316953, 0.691701, 0.648915),
      ["RightHand"] = CFrame.new(-0.000000, -0.000007, 0.000000, 1.000000, -0.000000, 0.000000, 0.000000, 0.999991, 0.004316, -0.000000, -0.004316, 0.999991),
      ["RightLowerArm"] = CFrame.new(-0.000000, 0.000000, 0.003309, 1.000000, 0.000000, 0.000000, 0.000000, 0.816707, -0.577052, 0.000000, 0.577052, 0.816707),
      ["RightLowerLeg"] = CFrame.new(0.000000, 0.000000, -0.003018, 1.000000, -0.000000, 0.000000, 0.000000, 0.639326, 0.768936, -0.000000, -0.768936, 0.639326),
      ["RightUpperArm"] = CFrame.new(-0.008134, -0.087738, -0.215380, 0.997009, -0.066446, 0.039475, 0.066796, 0.483848, -0.872599, 0.038880, 0.872626, 0.486839),
      ["RightUpperLeg"] = CFrame.new(0.053922, -0.002130, 0.273608, 0.858850, -0.317508, -0.401952, -0.119248, 0.639218, -0.759724, 0.498154, 0.700421, 0.511130),
      ["UpperTorso"] = CFrame.new(0.000000, 0.000000, 0.000000, 0.997413, 0.071813, -0.003135, -0.057026, 0.817079, 0.573698, 0.043761, -0.572035, 0.819061)
    }},
    {Time = 0.300, Data = {
      ["Head"] = CFrame.new(0.000000, 0.000000, -0.000000, 0.733051, 0.372182, 0.569313, 0.210743, 0.671541, -0.710366, -0.646702, 0.640713, 0.413839),
      ["LeftFoot"] = CFrame.new(-0.000000, -0.000205, 0.000000, 0.924350, -0.356623, -0.135640, 0.173829, 0.710079, -0.682328, 0.339649, 0.607132, 0.718352),
      ["LeftHand"] = CFrame.new(0.000000, 0.000093, 0.000000, 0.999992, -0.003971, -0.000009, 0.003971, 0.999983, 0.004316, -0.000009, -0.004316, 0.999991),
      ["LeftLowerArm"] = CFrame.new(-0.000500, -0.000100, 0.003309, 1.000000, -0.000000, 0.000000, 0.000000, 0.999994, 0.003367, -0.000000, -0.003367, 0.999994),
      ["LeftLowerLeg"] = CFrame.new(0.000000, 0.000200, -0.002917, 1.000000, -0.000000, 0.000000, 0.000000, 0.866365, 0.499412, -0.000000, -0.499412, 0.866365),
      ["LeftUpperArm"] = CFrame.new(0.003780, -0.059902, 0.070494, 0.975581, 0.134196, -0.173876, -0.185146, 0.076566, -0.979724, -0.118162, 0.987992, 0.099543),
      ["LeftUpperLeg"] = CFrame.new(-0.110034, 0.017677, 0.299912, 0.840103, 0.279108, 0.465108, 0.066650, 0.797845, -0.599168, -0.538316, 0.534362, 0.651669),
      ["LowerTorso"] = CFrame.new(0.000000, -0.683324, 0.388906, 0.998566, -0.053318, -0.004876, 0.036272, 0.606704, 0.794100, -0.039381, -0.793138, 0.607767),
      ["RightFoot"] = CFrame.new(-0.000000, -0.000005, -0.000100, 0.937150, 0.326055, 0.124252, -0.109422, 0.612755, -0.782661, -0.331327, 0.719874, 0.609921),
      ["RightHand"] = CFrame.new(-0.000000, -0.000007, -0.000000, 1.000000, -0.000000, 0.000000, 0.000000, 0.999991, 0.004316, -0.000000, -0.004316, 0.999991),
      ["RightLowerArm"] = CFrame.new(0.000000, -0.000000, 0.003309, 1.000000, 0.000000, 0.000000, 0.000000, 0.798945, -0.601404, 0.000000, 0.601404, 0.798945),
      ["RightLowerLeg"] = CFrame.new(-0.000000, 0.000001, -0.003018, 1.000000, -0.000000, 0.000000, 0.000000, 0.568722, 0.822529, -0.000000, -0.822529, 0.568722),
      ["RightUpperArm"] = CFrame.new(-0.011012, -0.090764, -0.170678, 0.996729, -0.069337, 0.041520, 0.068980, 0.462187, -0.884096, 0.042111, 0.884068, 0.465458),
      ["RightUpperLeg"] = CFrame.new(0.055837, -0.002205, 0.273542, 0.854366, -0.341047, -0.392105, -0.116129, 0.610146, -0.783732, 0.506530, 0.715129, 0.481683),
      ["UpperTorso"] = CFrame.new(0.000000, 0.000000, -0.000000, 0.997207, 0.074621, -0.003125, -0.059297, 0.816479, 0.574322, 0.045408, -0.572532, 0.818624)
    }},
    {Time = 0.333, Data = {
      ["Head"] = CFrame.new(0.000000, -0.000000, -0.000000, 0.677856, 0.375185, 0.632256, 0.201019, 0.732631, -0.650264, -0.707180, 0.567881, 0.421199),
      ["LeftFoot"] = CFrame.new(-0.000000, -0.000205, -0.000000, 0.934615, -0.332435, -0.126420, 0.145282, 0.681287, -0.717455, 0.324635, 0.652178, 0.685038),
      ["LeftHand"] = CFrame.new(0.000000, 0.000093, 0.000000, 0.999992, -0.003971, -0.000009, 0.003971, 0.999983, 0.004316, -0.000009, -0.004316, 0.999991),
      ["LeftLowerArm"] = CFrame.new(-0.000500, -0.000100, 0.003309, 1.000000, -0.000000, 0.000000, 0.000000, 0.999994, 0.003367, -0.000000, -0.003367, 0.999994),
      ["LeftLowerLeg"] = CFrame.new(0.000000, 0.000200, -0.002918, 1.000000, -0.000000, 0.000000, 0.000000, 0.812978, 0.582295, -0.000000, -0.582295, 0.812978),
      ["LeftUpperArm"] = CFrame.new(0.007549, -0.058293, 0.125746, 0.977557, 0.129802, -0.165931, -0.176554, 0.075065, -0.981424, -0.114935, 0.988694, 0.096298),
      ["LeftUpperLeg"] = CFrame.new(-0.122153, 0.032340, 0.317963, 0.852275, 0.279594, 0.442103, 0.077817, 0.767997, -0.635709, -0.517274, 0.576201, 0.632787),
      ["LowerTorso"] = CFrame.new(0.000000, -0.720961, 0.388906, 0.998649, -0.051514, -0.006778, 0.036683, 0.606666, 0.794110, -0.036796, -0.793286, 0.607736),
      ["RightFoot"] = CFrame.new(-0.000000, -0.000004, -0.000100, 0.911750, 0.383821, 0.146262, -0.128604, 0.604943, -0.785815, -0.390092, 0.697657, 0.600918),
      ["RightHand"] = CFrame.new(-0.000000, -0.000007, 0.000000, 1.000000, -0.000000, 0.000000, 0.000000, 0.999991, 0.004316, -0.000000, -0.004316, 0.999991),
      ["RightLowerArm"] = CFrame.new(0.000000, 0.000000, 0.003309, 1.000000, 0.000000, 0.000000, 0.000000, 0.785084, -0.619389, 0.000000, 0.619389, 0.785084),
      ["RightLowerLeg"] = CFrame.new(0.000000, 0.000000, -0.003018, 1.000000, -0.000000, 0.000000, 0.000000, 0.532809, 0.846235, -0.000000, -0.846235, 0.532809),
      ["RightUpperArm"] = CFrame.new(-0.014348, -0.093931, -0.123207, 0.996414, -0.072061, 0.044338, 0.071328, 0.433571, -0.898292, 0.045508, 0.898233, 0.437156),
      ["RightUpperLeg"] = CFrame.new(-0.017104, 0.000146, 0.273430, 0.824391, -0.411634, -0.388505, -0.090032, 0.582278, -0.807989, 0.558814, 0.701077, 0.442965),
      ["UpperTorso"] = CFrame.new(0.000000, 0.000000, -0.000000, 0.997189, 0.074868, -0.003013, -0.059523, 0.815941, 0.575062, 0.045512, -0.573267, 0.818104)
    }},
    {Time = 0.367, Data = {
      ["Head"] = CFrame.new(-0.000000, 0.000000, -0.000000, 0.632129, 0.369202, 0.681250, 0.191444, 0.777517, -0.599013, -0.750841, 0.509075, 0.420810),
      ["LeftFoot"] = CFrame.new(-0.000000, -0.000205, 0.000000, 0.944236, -0.307756, -0.117067, 0.122783, 0.658987, -0.742065, 0.305520, 0.686310, 0.660027),
      ["LeftHand"] = CFrame.new(0.000000, 0.000093, -0.000000, 0.999992, -0.003971, -0.000009, 0.003971, 0.999983, 0.004316, -0.000009, -0.004316, 0.999991),
      ["LeftLowerArm"] = CFrame.new(-0.000500, -0.000100, 0.003309, 1.000000, 0.000000, 0.000000, 0.000000, 0.959721, -0.280954, 0.000000, 0.280954, 0.959721),
      ["LeftLowerLeg"] = CFrame.new(0.000000, 0.000200, -0.002918, 1.000000, -0.000000, 0.000000, 0.000000, 0.769415, 0.638750, -0.000000, -0.638750, 0.769415),
      ["LeftUpperArm"] = CFrame.new(0.011676, -0.056868, 0.172864, 0.979281, 0.147049, -0.139232, -0.169227, 0.216605, -0.961480, -0.111226, 0.965121, 0.237002),
      ["LeftUpperLeg"] = CFrame.new(-0.131714, 0.043909, 0.332204, 0.862670, 0.271996, 0.426401, 0.091029, 0.745810, -0.659910, -0.497507, 0.608099, 0.618629),
      ["LowerTorso"] = CFrame.new(0.000000, -0.750654, 0.388906, 0.998820, -0.047367, -0.010695, 0.037276, 0.606761, 0.794009, -0.031121, -0.793471, 0.607811),
      ["RightFoot"] = CFrame.new(-0.000000, -0.000005, -0.000100, 0.854659, 0.485168, 0.184850, -0.198397, 0.634205, -0.747277, -0.479787, 0.601994, 0.638285),
      ["RightHand"] = CFrame.new(-0.000000, -0.000007, 0.000000, 1.000000, -0.000000, 0.000000, 0.000000, 0.999991, 0.004316, -0.000000, -0.004316, 0.999991),
      ["RightLowerArm"] = CFrame.new(0.000000, -0.000000, 0.003309, 1.000000, 0.000000, 0.000000, 0.000000, 0.776453, -0.630175, 0.000000, 0.630175, 0.776453),
      ["RightLowerLeg"] = CFrame.new(-0.000000, 0.000000, -0.003018, 1.000000, -0.000000, 0.000000, 0.000000, 0.564060, 0.825734, -0.000000, -0.825734, 0.564060),
      ["RightUpperArm"] = CFrame.new(-0.018164, -0.097214, -0.073499, 0.996047, -0.074700, 0.048063, 0.073944, 0.397486, -0.914624, 0.049218, 0.914563, 0.401438),
      ["RightUpperLeg"] = CFrame.new(-0.177573, 0.005320, 0.272823, 0.760600, -0.520349, -0.388233, -0.040937, 0.558368, -0.828583, 0.647929, 0.646114, 0.403393),
      ["UpperTorso"] = CFrame.new(0.000000, 0.000000, 0.000000, 0.997164, 0.075198, -0.002871, -0.059829, 0.815344, 0.575877, 0.045646, -0.574072, 0.817531)
    }},
    {Time = 0.400, Data = {
      ["Head"] = CFrame.new(0.000000, 0.000000, 0.000000, 0.601562, 0.360657, 0.712776, 0.184826, 0.805228, -0.563425, -0.777150, 0.470674, 0.417736),
      ["LeftFoot"] = CFrame.new(-0.000000, -0.000205, 0.000000, 0.952923, -0.283409, -0.107781, 0.105635, 0.643498, -0.758123, 0.284216, 0.711048, 0.643143),
      ["LeftHand"] = CFrame.new(0.000000, 0.000093, -0.000000, 0.999992, -0.003971, -0.000009, 0.003971, 0.999983, 0.004316, -0.000009, -0.004316, 0.999991),
      ["LeftLowerArm"] = CFrame.new(-0.000500, -0.000100, 0.003309, 1.000000, 0.000000, 0.000000, 0.000000, 0.894076, -0.447915, 0.000000, 0.447915, 0.894076),
      ["LeftLowerLeg"] = CFrame.new(-0.000000, 0.000200, -0.002918, 1.000000, -0.000000, 0.000000, 0.000000, 0.736172, 0.676795, -0.000000, -0.676795, 0.736172),
      ["LeftUpperArm"] = CFrame.new(0.016194, -0.055594, 0.209214, 0.980794, 0.152714, -0.121330, -0.163271, 0.302522, -0.939054, -0.106701, 0.940829, 0.321646),
      ["LeftUpperLeg"] = CFrame.new(-0.137987, 0.051498, 0.341547, 0.872239, 0.259947, 0.414278, 0.104545, 0.728380, -0.677150, -0.477775, 0.633948, 0.608145),
      ["LowerTorso"] = CFrame.new(0.000000, -0.770134, 0.388906, 0.998986, -0.042677, -0.014349, 0.037324, 0.606727, 0.794033, -0.025181, -0.793764, 0.607705),
      ["RightFoot"] = CFrame.new(0.000000, -0.000005, -0.000100, 0.796387, 0.565158, 0.215323, -0.290735, 0.669949, -0.683111, -0.530321, 0.481419, 0.697850),
      ["RightHand"] = CFrame.new(-0.000000, -0.000007, -0.000000, 1.000000, -0.000000, 0.000000, 0.000000, 0.999991, 0.004316, -0.000000, -0.004316, 0.999991),
      ["RightLowerArm"] = CFrame.new(-0.000000, 0.000000, 0.003309, 1.000000, 0.000000, 0.000000, 0.000000, 0.774139, -0.633016, 0.000000, 0.633016, 0.774139),
      ["RightLowerLeg"] = CFrame.new(-0.000000, 0.000000, -0.003018, 1.000000, -0.000000, 0.000000, 0.000000, 0.647635, 0.761950, -0.000000, -0.761950, 0.647635),
      ["RightUpperArm"] = CFrame.new(-0.022482, -0.100592, -0.022090, 0.995622, -0.077070, 0.052886, 0.076875, 0.353315, -0.932340, 0.053170, 0.932324, 0.357693),
      ["RightUpperLeg"] = CFrame.new(-0.338043, 0.010494, 0.271180, 0.698330, -0.596302, -0.395929, 0.001208, 0.554128, -0.832431, 0.715775, 0.580833, 0.387684),
      ["UpperTorso"] = CFrame.new(-0.000000, 0.000000, -0.000000, 0.997146, 0.075446, -0.002749, -0.060048, 0.814648, 0.576839, 0.045760, -0.575028, 0.816853)
    }},
    {Time = 0.433, Data = {
      ["Head"] = CFrame.new(0.000000, 0.000000, 0.000000, 0.591249, 0.355480, 0.723919, 0.183631, 0.814702, -0.550037, -0.785305, 0.458143, 0.416414),
      ["LeftFoot"] = CFrame.new(0.000000, -0.000205, 0.000000, 0.960405, -0.260394, -0.099078, 0.093407, 0.635979, -0.766033, 0.262482, 0.726448, 0.635120),
      ["LeftHand"] = CFrame.new(-0.000000, 0.000093, 0.000000, 0.999992, -0.003971, -0.000009, 0.003971, 0.999983, 0.004316, -0.000009, -0.004316, 0.999991),
      ["LeftLowerArm"] = CFrame.new(-0.000500, -0.000100, 0.003308, 1.000000, 0.000000, 0.000000, 0.000000, 0.801509, -0.597982, 0.000000, 0.597982, 0.801509),
      ["LeftLowerLeg"] = CFrame.new(-0.000000, 0.000200, -0.002918, 1.000000, -0.000000, 0.000000, 0.000000, 0.713638, 0.700514, -0.000000, -0.700514, 0.713638),
      ["LeftUpperArm"] = CFrame.new(0.021149, -0.054362, 0.232173, 0.982111, 0.155950, -0.105532, -0.158781, 0.384591, -0.909328, -0.101223, 0.909818, 0.402473),
      ["LeftUpperLeg"] = CFrame.new(-0.140240, 0.054225, 0.344903, 0.881863, 0.245897, 0.402308, 0.116268, 0.713486, -0.690955, -0.456945, 0.656104, 0.600607),
      ["LowerTorso"] = CFrame.new(0.000000, -0.777132, 0.388906, 0.999099, -0.039479, -0.015564, 0.036343, 0.606676, 0.794118, -0.021908, -0.793968, 0.607564),
      ["RightFoot"] = CFrame.new(0.000000, -0.000005, -0.000100, 0.771181, 0.594906, 0.226642, -0.339880, 0.685774, -0.643580, -0.538295, 0.419286, 0.731053),
      ["RightHand"] = CFrame.new(-0.000000, -0.000007, 0.000000, 1.000000, -0.000000, 0.000000, 0.000000, 0.999991, 0.004316, -0.000000, -0.004316, 0.999991),
      ["RightLowerArm"] = CFrame.new(0.000000, -0.000000, 0.003309, 1.000000, 0.000000, 0.000000, 0.000000, 0.779043, -0.626970, 0.000000, 0.626970, 0.779043),
      ["RightLowerLeg"] = CFrame.new(-0.000000, 0.000000, -0.003018, 1.000000, -0.000000, 0.000000, 0.000000, 0.701492, 0.712678, -0.000000, -0.712678, 0.701492),
      ["RightUpperArm"] = CFrame.new(-0.027322, -0.104061, 0.030481, 0.995132, -0.079007, 0.058907, 0.080126, 0.300637, -0.950367, 0.057376, 0.950460, 0.305504),
      ["RightUpperLeg"] = CFrame.new(-0.410983, 0.012846, 0.267961, 0.671581, -0.620106, -0.405521, 0.018408, 0.561108, -0.827538, 0.740703, 0.548294, 0.388245),
      ["UpperTorso"] = CFrame.new(-0.000000, 0.000000, 0.000000, 0.997134, 0.075612, -0.002645, -0.060181, 0.813852, 0.577948, 0.045853, -0.576132, 0.816070)
    }},
    {Time = 0.467, Data = {
      ["Head"] = CFrame.new(0.000000, 0.000000, 0.000000, 0.592193, 0.355312, 0.723230, 0.197419, 0.806205, -0.557727, -0.781238, 0.473061, 0.407284),
      ["LeftFoot"] = CFrame.new(-0.000000, -0.000205, -0.000000, 0.966713, -0.239143, -0.090969, 0.087680, 0.643645, -0.760285, 0.240369, 0.727001, 0.643189),
      ["LeftHand"] = CFrame.new(-0.000000, 0.000093, 0.000000, 0.999992, -0.003971, -0.000009, 0.003971, 0.999983, 0.004316, -0.000009, -0.004316, 0.999991),
      ["LeftLowerArm"] = CFrame.new(-0.000500, -0.000100, 0.003309, 1.000000, 0.000000, 0.000000, 0.000000, 0.687867, -0.725837, 0.000000, 0.725837, 0.687867),
      ["LeftLowerLeg"] = CFrame.new(-0.000000, 0.000200, -0.002918, 1.000000, -0.000000, 0.000000, 0.000000, 0.710297, 0.703902, -0.000000, -0.703902, 0.710297),
      ["LeftUpperArm"] = CFrame.new(0.027732, -0.053091, 0.243060, 0.982826, 0.157830, -0.095621, -0.157741, 0.449622, -0.879180, -0.095768, 0.879164, 0.466796),
      ["LeftUpperLeg"] = CFrame.new(-0.135572, 0.051456, 0.342070, 0.891280, 0.230307, 0.390614, 0.132099, 0.692183, -0.709530, -0.433786, 0.683989, 0.586506),
      ["LowerTorso"] = CFrame.new(0.000012, -0.766460, 0.396436, 0.999170, -0.037856, -0.015013, 0.034595, 0.594494, 0.803356, -0.021487, -0.803209, 0.595310),
      ["RightFoot"] = CFrame.new(-0.000000, -0.000005, -0.000100, 0.779679, 0.585150, 0.222934, -0.335552, 0.691022, -0.640229, -0.528682, 0.424367, 0.735124),
      ["RightHand"] = CFrame.new(-0.000000, -0.000007, 0.000000, 1.000000, -0.000000, 0.000000, 0.000000, 0.999991, 0.004316, -0.000000, -0.004316, 0.999991),
      ["RightLowerArm"] = CFrame.new(0.000000, -0.000000, 0.003309, 1.000000, 0.000000, 0.000000, 0.000000, 0.791877, -0.610680, 0.000000, 0.610680, 0.791877),
      ["RightLowerLeg"] = CFrame.new(-0.000000, 0.000000, -0.003018, 1.000000, -0.000000, 0.000000, 0.000000, 0.707795, 0.706418, -0.000000, -0.706418, 0.707795),
      ["RightUpperArm"] = CFrame.new(-0.032514, -0.107054, 0.083795, 0.994667, -0.079670, 0.065496, 0.082853, 0.239067, -0.967462, 0.061419, 0.967729, 0.244393),
      ["RightUpperLeg"] = CFrame.new(-0.399874, 0.011826, 0.261417, 0.679994, -0.609989, -0.406842, 0.003197, 0.557334, -0.830282, 0.733210, 0.563286, 0.380935),
      ["UpperTorso"] = CFrame.new(0.000000, -0.000000, 0.000000, 0.997115, 0.075860, -0.002511, -0.060394, 0.812995, 0.579130, 0.045975, -0.577307, 0.815232)
    }},
    {Time = 0.500, Data = {
      ["Head"] = CFrame.new(-0.000000, 0.000000, -0.000000, 0.593246, 0.357942, 0.721066, 0.230948, 0.782386, -0.578390, -0.771182, 0.509657, 0.381481),
      ["LeftFoot"] = CFrame.new(0.000000, -0.000205, -0.000000, 0.971735, -0.220656, -0.083911, 0.088312, 0.669415, -0.737621, 0.218932, 0.709362, 0.669980),
      ["LeftHand"] = CFrame.new(0.000000, 0.000093, 0.000000, 0.999992, -0.003971, -0.000009, 0.003971, 0.999983, 0.004316, -0.000009, -0.004316, 0.999991),
      ["LeftLowerArm"] = CFrame.new(-0.000500, -0.000100, 0.003309, 1.000000, 0.000000, 0.000000, 0.000000, 0.567278, -0.823526, 0.000000, 0.823526, 0.567278),
      ["LeftLowerLeg"] = CFrame.new(-0.000000, 0.000200, -0.002918, 1.000000, -0.000000, 0.000000, 0.000000, 0.730942, 0.682440, -0.000000, -0.682440, 0.730942),
      ["LeftUpperArm"] = CFrame.new(0.036877, -0.051621, 0.245561, 0.982695, 0.159049, -0.094945, -0.161462, 0.484296, -0.859877, -0.090781, 0.860326, 0.501595),
      ["LeftUpperLeg"] = CFrame.new(-0.122458, 0.043671, 0.333574, 0.899348, 0.213542, 0.381540, 0.156249, 0.658037, -0.736596, -0.408361, 0.722071, 0.558439),
      ["LowerTorso"] = CFrame.new(0.000096, -0.737450, 0.416873, 0.999221, -0.036558, -0.014877, 0.032841, 0.561029, 0.827145, -0.021893, -0.826989, 0.561792),
      ["RightFoot"] = CFrame.new(-0.000000, -0.000004, -0.000100, 0.800182, 0.560462, 0.213519, -0.323560, 0.703162, -0.633145, -0.504992, 0.437545, 0.744001),
      ["RightHand"] = CFrame.new(-0.000000, -0.000007, -0.000000, 1.000000, -0.000000, 0.000000, 0.000000, 0.999991, 0.004316, -0.000000, -0.004316, 0.999991),
      ["RightLowerArm"] = CFrame.new(0.000000, -0.000000, 0.003309, 1.000000, 0.000000, 0.000000, 0.000000, 0.811444, -0.584430, 0.000000, 0.584430, 0.811444),
      ["RightLowerLeg"] = CFrame.new(0.000000, 0.000000, -0.003018, 1.000000, -0.000000, 0.000000, 0.000000, 0.721037, 0.692896, -0.000000, -0.692896, 0.721037),
      ["RightUpperArm"] = CFrame.new(-0.037854, -0.108849, 0.137120, 0.994381, -0.078205, 0.071346, 0.083856, 0.170565, -0.981772, 0.064610, 0.982238, 0.176165),
      ["RightUpperLeg"] = CFrame.new(-0.369359, 0.008951, 0.250491, 0.701365, -0.582830, -0.410362, -0.037701, 0.544565, -0.837871, 0.711805, 0.603124, 0.359965),
      ["UpperTorso"] = CFrame.new(-0.000000, -0.000000, -0.000000, 0.997103, 0.076026, -0.002404, -0.060525, 0.812143, 0.580310, 0.046071, -0.578484, 0.814392)
    }},
    {Time = 0.533, Data = {
      ["Head"] = CFrame.new(-0.000000, 0.000000, -0.000000, 0.595472, 0.362626, 0.716879, 0.278524, 0.743805, -0.607601, -0.753550, 0.561477, 0.341915),
      ["LeftFoot"] = CFrame.new(0.000000, -0.000205, -0.000000, 0.975312, -0.206393, -0.078534, 0.093285, 0.707412, -0.700619, 0.200159, 0.675996, 0.709201),
      ["LeftHand"] = CFrame.new(-0.000000, 0.000093, 0.000000, 0.999992, -0.003971, -0.000009, 0.003971, 0.999983, 0.004316, -0.000009, -0.004316, 0.999991),
      ["LeftLowerArm"] = CFrame.new(-0.000500, -0.000100, 0.003309, 1.000000, 0.000000, 0.000000, 0.000000, 0.451444, -0.892300, 0.000000, 0.892300, 0.451444),
