return {
  ["chapa"] = {
    {Time = 0.000, Data = {
      ["Head"] = CFrame.new(0.000004, 0.000016, -0.000005, 0.415552, 0.000015, -0.909570, -0.193211, 0.977180, -0.088256, 0.888812, 0.212413, 0.406072),
      ["LeftFoot"] = CFrame.new(-0.000003, -0.000017, 0.000004, 0.920014, -0.214750, -0.327806, -0.198364, 0.466213, -0.862147, 0.337973, 0.858212, 0.386324),
      ["LeftHand"] = CFrame.new(-0.000002, -0.000002, -0.000007, 0.988048, 0.148636, 0.040851, -0.153988, 0.939668, 0.305470, 0.007018, -0.308109, 0.951325),
      ["LeftLowerArm"] = CFrame.new(-0.000002, 0.000000, 0.000023, 1.000000, 0.000000, 0.000000, 0.000000, 0.950906, -0.309479, 0.000000, 0.309479, 0.950906),
      ["LeftLowerLeg"] = CFrame.new(0.000000, 0.000023, -0.000002, 1.000000, 0.000000, 0.000000, 0.000000, -0.700758, 0.713399, 0.000000, -0.713399, -0.700758),
      ["LeftUpperArm"] = CFrame.new(-0.000005, 0.000002, 0.000001, 0.962898, -0.186377, -0.195168, -0.005509, 0.709480, -0.704704, 0.269809, 0.679633, 0.682131),
      ["LeftUpperLeg"] = CFrame.new(-0.000003, -0.000000, -0.000019, 0.815115, 0.439886, -0.376946, -0.488386, 0.171860, -0.855537, -0.311557, 0.881456, 0.354920),
      ["LowerTorso"] = CFrame.new(-0.123106, -1.045023, -0.079673, 0.996975, -0.076853, 0.011639, 0.077024, 0.996915, -0.015100, -0.010442, 0.015951, 0.999818),
      ["RightFoot"] = CFrame.new(0.000006, -0.000008, 0.000000, 0.644995, 0.659225, 0.386528, -0.207241, 0.637741, -0.741848, -0.735549, 0.398384, 0.547958),
      ["RightHand"] = CFrame.new(-0.000002, 0.000000, 0.000003, 0.999487, -0.023633, -0.021595, 0.029582, 0.939665, 0.340815, 0.012238, -0.341279, 0.939882),
      ["RightLowerArm"] = CFrame.new(0.000008, 0.000001, -0.000009, 1.000000, 0.000000, 0.000000, 0.000000, 0.898012, -0.439971, 0.000000, 0.439971, 0.898012),
      ["RightLowerLeg"] = CFrame.new(-0.000000, 0.000015, 0.000006, 1.000000, 0.000000, 0.000000, 0.000000, -0.306318, 0.951929, 0.000000, -0.951929, -0.306318),
      ["RightUpperArm"] = CFrame.new(0.000003, -0.000001, -0.000010, 0.979065, 0.100840, 0.176812, 0.033876, 0.775815, -0.630051, -0.200708, 0.622850, 0.756157),
      ["RightUpperLeg"] = CFrame.new(0.000002, 0.000000, 0.000010, 0.664515, -0.637327, 0.390171, 0.642371, 0.220411, -0.734015, 0.381810, 0.738399, 0.555867),
      ["UpperTorso"] = CFrame.new(-0.000004, 0.000001, -0.000021, 1.000000, -0.000000, 0.000000, 0.000000, 0.713834, 0.700315, -0.000000, -0.700315, 0.713834)
    }},
    {Time = 0.267, Data = {
      ["LeftFoot"] = CFrame.new(0.000001, -0.000017, -0.000001, 0.997768, 0.020577, 0.063525, 0.046962, 0.460060, -0.886645, -0.047470, 0.887649, 0.458067),
      ["LeftHand"] = CFrame.new(0.000000, 0.000004, 0.000006, 0.973664, 0.225336, -0.034664, -0.227987, 0.962262, -0.148571, -0.000122, 0.152561, 0.988294),
      ["LeftLowerArm"] = CFrame.new(-0.000002, -0.000001, -0.000017, 1.000000, 0.000000, 0.000000, 0.000000, 0.984918, -0.173024, 0.000000, 0.173024, 0.984918),
      ["LeftLowerLeg"] = CFrame.new(0.000000, 0.000004, 0.000002, 1.000000, 0.000000, 0.000000, 0.000000, -0.159246, 0.987239, 0.000000, -0.987239, -0.159246),
      ["LeftUpperArm"] = CFrame.new(0.000002, -0.000000, -0.000000, 0.978280, -0.143899, -0.149201, 0.078340, 0.923060, -0.376594, 0.191913, 0.356726, 0.914284),
      ["LeftUpperLeg"] = CFrame.new(0.000004, 0.000002, -0.000008, 0.960889, 0.187021, -0.204241, -0.236979, 0.173691, -0.955862, -0.143292, 0.966879, 0.211218),
      ["LowerTorso"] = CFrame.new(-0.153509, -0.612736, -0.328922, 0.997815, -0.042973, -0.050193, 0.065633, 0.732459, 0.677640, 0.007644, -0.679454, 0.733678),
      ["RightFoot"] = CFrame.new(0.000003, -0.000005, 0.000003, 0.966349, 0.256557, -0.018632, -0.174176, 0.599309, -0.781340, -0.189292, 0.758292, 0.623828),
      ["RightHand"] = CFrame.new(-0.000004, 0.000002, 0.000006, 0.999135, -0.040471, 0.009550, 0.041305, 0.939496, -0.340060, 0.004790, 0.340160, 0.940355),
      ["RightLowerArm"] = CFrame.new(-0.000004, -0.000001, -0.000006, 1.000000, 0.000000, 0.000000, 0.000000, 0.955165, -0.296076, 0.000000, 0.296076, 0.955165),
      ["RightLowerLeg"] = CFrame.new(0.000004, -0.000004, -0.000020, 1.000000, -0.000000, 0.000000, 0.000000, 0.166507, 0.986040, -0.000000, -0.986040, 0.166507),
      ["RightUpperArm"] = CFrame.new(-0.000003, 0.000007, -0.000014, 0.946188, 0.294752, 0.133600, -0.284060, 0.954238, -0.093480, -0.155040, 0.050499, 0.986617),
      ["RightUpperLeg"] = CFrame.new(0.000003, -0.000006, 0.000003, 0.861211, -0.432233, 0.267375, 0.390040, 0.224778, -0.892941, 0.325858, 0.873298, 0.362170),
      ["UpperTorso"] = CFrame.new(-0.000012, -0.000008, -0.000001, 1.000000, 0.000000, 0.000000, 0.000000, 0.882157, -0.470955, 0.000000, 0.470955, 0.882157)
    }},
    {Time = 0.533, Data = {
      ["Head"] = CFrame.new(0.000004, 0.000016, -0.000005, 0.415552, 0.000015, -0.909570, -0.193211, 0.977180, -0.088256, 0.888812, 0.212413, 0.406072),
      ["LeftFoot"] = CFrame.new(-0.000003, -0.000017, 0.000004, 0.920014, -0.214750, -0.327806, -0.198364, 0.466213, -0.862147, 0.337973, 0.858212, 0.386324),
      ["LeftHand"] = CFrame.new(-0.000002, -0.000002, -0.000007, 0.988048, 0.148636, 0.040851, -0.153988, 0.939668, 0.305470, 0.007018, -0.308109, 0.951325),
      ["LeftLowerArm"] = CFrame.new(-0.000002, 0.000000, 0.000023, 1.000000, 0.000000, 0.000000, 0.000000, 0.950906, -0.309479, 0.000000, 0.309479, 0.950906),
      ["LeftLowerLeg"] = CFrame.new(0.000000, 0.000023, -0.000002, 1.000000, 0.000000, 0.000000, 0.000000, -0.700758, 0.713399, 0.000000, -0.713399, -0.700758),
      ["LeftUpperArm"] = CFrame.new(-0.000005, 0.000002, 0.000001, 0.962898, -0.186377, -0.195168, -0.005509, 0.709480, -0.704704, 0.269809, 0.679633, 0.682131),
      ["LeftUpperLeg"] = CFrame.new(-0.000003, -0.000000, -0.000019, 0.815115, 0.439886, -0.376946, -0.488386, 0.171860, -0.855537, -0.311557, 0.881456, 0.354920),
      ["LowerTorso"] = CFrame.new(-0.123106, -1.045023, -0.079673, 0.996975, -0.076853, 0.011639, 0.077024, 0.996915, -0.015100, -0.010442, 0.015951, 0.999818),
      ["RightFoot"] = CFrame.new(0.000006, -0.000008, 0.000000, 0.644995, 0.659225, 0.386528, -0.207241, 0.637741, -0.741848, -0.735549, 0.398384, 0.547958),
      ["RightHand"] = CFrame.new(-0.000002, 0.000000, 0.000003, 0.999487, -0.023633, -0.021595, 0.029582, 0.939665, 0.340815, 0.012238, -0.341279, 0.939882),
      ["RightLowerArm"] = CFrame.new(0.000008, 0.000001, -0.000009, 1.000000, 0.000000, 0.000000, 0.000000, 0.898012, -0.439971, 0.000000, 0.439971, 0.898012),
      ["RightLowerLeg"] = CFrame.new(-0.000000, 0.000015, 0.000006, 1.000000, 0.000000, 0.000000, 0.000000, -0.306318, 0.951929, 0.000000, -0.951929, -0.306318),
      ["RightUpperArm"] = CFrame.new(0.000003, -0.000001, -0.000010, 0.979065, 0.100840, 0.176812, 0.033876, 0.775815, -0.630051, -0.200708, 0.622850, 0.756157),
      ["RightUpperLeg"] = CFrame.new(0.000002, 0.000000, 0.000010, 0.664515, -0.637327, 0.390171, 0.642371, 0.220411, -0.734015, 0.381810, 0.738399, 0.555867),
      ["UpperTorso"] = CFrame.new(-0.000004, 0.000001, -0.000021, 1.000000, -0.000000, 0.000000, 0.000000, 0.713834, 0.700315, -0.000000, -0.700315, 0.713834)
    }}
  }
}