return {
  ["dance 28"] = {
    {Time = 0.000, Data = {
      ["Head"] = CFrame.new(-0.000000, -0.000000, 0.000000, 0.993720, -0.030295, -0.107721, 0.019286, 0.994617, -0.101810, 0.110225, 0.099093, 0.988954),
      ["LeftFoot"] = CFrame.new(-0.000000, -0.000000, -0.000000, 0.998053, 0.059865, -0.017504, -0.061309, 0.890058, -0.451706, -0.011462, 0.451899, 0.891995),
      ["LeftHand"] = CFrame.new(0.000000, -0.000001, 0.000000, 0.985745, -0.059958, -0.157202, -0.032509, 0.848861, -0.527616, 0.165077, 0.525206, 0.834811),
      ["LeftLowerArm"] = CFrame.new(-0.000000, 0.000001, 0.000000, 0.824709, 0.347610, -0.446120, -0.565558, 0.506919, -0.650521, 0.000019, 0.788797, 0.614654),
      ["LeftLowerLeg"] = CFrame.new(-0.000000, -0.000000, 0.000000, 0.996787, 0.001742, 0.080075, -0.026206, 0.951828, 0.305509, -0.075685, -0.306626, 0.948816),
      ["LeftUpperArm"] = CFrame.new(0.000000, 0.000000, 0.000000, 0.733525, -0.239941, -0.635900, 0.144459, 0.969275, -0.199094, 0.664133, 0.054180, 0.745649),
      ["LeftUpperLeg"] = CFrame.new(0.000000, 0.000000, 0.000000, 0.992521, -0.109814, 0.053313, 0.096156, 0.972363, 0.212756, -0.075204, -0.206038, 0.975650),
      ["LowerTorso"] = CFrame.new(0.055755, -0.227724, 0.045267, 0.977013, -0.061302, 0.204177, 0.025924, 0.984820, 0.171631, -0.211599, -0.162393, 0.963771),
      ["RightFoot"] = CFrame.new(-0.000000, -0.000000, -0.000000, 0.967376, -0.017863, -0.252716, 0.039617, 0.995906, 0.081256, 0.250230, -0.088617, 0.964122),
      ["RightHand"] = CFrame.new(-0.000000, -0.000000, 0.000000, 0.999818, -0.012677, -0.014286, 0.012179, 0.999333, -0.034440, 0.014713, 0.034259, 0.999305),
      ["RightLowerArm"] = CFrame.new(-0.000000, 0.000000, 0.000000, 0.824490, -0.531687, 0.193714, 0.565876, 0.774683, -0.282225, -0.000012, 0.342310, 0.939587),
      ["RightLowerLeg"] = CFrame.new(0.000000, 0.000000, 0.000000, 0.981402, 0.023341, -0.190539, 0.092358, 0.812737, 0.575265, 0.168285, -0.582164, 0.795466),
      ["RightUpperArm"] = CFrame.new(-0.000000, 0.000000, 0.000000, 0.937432, 0.307887, 0.162560, -0.338854, 0.914073, 0.222820, -0.079989, -0.263963, 0.961210),
      ["RightUpperLeg"] = CFrame.new(-0.000000, 0.000000, -0.000000, 0.997599, 0.026439, -0.064006, -0.066805, 0.610871, -0.788906, 0.018241, 0.791288, 0.611171),
      ["UpperTorso"] = CFrame.new(0.000000, 0.000000, -0.000000, 0.989130, 0.050339, -0.138156, -0.036329, 0.994109, 0.102114, 0.142483, -0.095985, 0.985132)
    }},
    {Time = 0.017, Data = {
      ["Head"] = CFrame.new(-0.000000, -0.000000, 0.000000, 0.994236, -0.030126, -0.102893, 0.019459, 0.994477, -0.103137, 0.105432, 0.100540, 0.989331),
      ["LeftFoot"] = CFrame.new(0.000000, -0.000000, -0.000000, 0.998251, 0.056726, -0.016634, -0.058249, 0.895918, -0.440384, -0.010078, 0.440583, 0.897655),
      ["LeftHand"] = CFrame.new(-0.000000, -0.000000, 0.000000, 0.983417, -0.072838, -0.166089, -0.019339, 0.868466, -0.495372, 0.180324, 0.490369, 0.852655),
      ["LeftLowerArm"] = CFrame.new(-0.000000, -0.000000, 0.000000, 0.824744, 0.336209, -0.454709, -0.565506, 0.490301, -0.663180, -0.000023, 0.804095, 0.594501),
      ["LeftLowerLeg"] = CFrame.new(-0.000000, -0.000000, 0.000000, 0.998500, 0.001490, 0.054733, -0.021402, 0.930722, 0.365100, -0.050397, -0.365724, 0.929358),
      ["LeftUpperArm"] = CFrame.new(-0.000000, -0.000000, 0.000000, 0.757891, -0.233730, -0.609075, 0.136942, 0.969814, -0.201761, 0.637847, 0.069505, 0.767021),
      ["LeftUpperLeg"] = CFrame.new(0.000000, 0.000000, 0.000000, 0.994681, -0.087358, 0.054577, 0.075532, 0.978841, 0.190173, -0.070036, -0.185039, 0.980232),
      ["LowerTorso"] = CFrame.new(0.062806, -0.231813, 0.024706, 0.970694, -0.063884, 0.231674, 0.024927, 0.985585, 0.167334, -0.239025, -0.156655, 0.958293),
      ["RightFoot"] = CFrame.new(-0.000000, -0.000000, -0.000000, 0.960866, -0.021940, -0.276143, 0.032923, 0.998838, 0.035197, 0.275050, -0.042911, 0.960472),
      ["RightHand"] = CFrame.new(0.000000, 0.000000, -0.000000, 0.998623, -0.002232, -0.052419, -0.001714, 0.997173, -0.075114, 0.052438, 0.075101, 0.995796),
      ["RightLowerArm"] = CFrame.new(-0.000000, -0.000000, 0.000000, 0.824497, -0.540170, 0.168583, 0.565866, 0.787042, -0.245684, 0.000029, 0.297961, 0.954578),
      ["RightLowerLeg"] = CFrame.new(0.000000, 0.000000, 0.000000, 0.989617, 0.021963, -0.142045, 0.072587, 0.776610, 0.625786, 0.124057, -0.629599, 0.766952),
      ["RightUpperArm"] = CFrame.new(-0.000000, -0.000000, -0.000000, 0.930584, 0.324059, 0.170290, -0.355381, 0.911328, 0.207812, -0.087847, -0.253904, 0.963232),
      ["RightUpperLeg"] = CFrame.new(0.000000, 0.000000, -0.000000, 0.993697, 0.002237, -0.112079, -0.090688, 0.603769, -0.791984, 0.065898, 0.797156, 0.600166),
      ["UpperTorso"] = CFrame.new(0.000000, 0.000000, -0.000000, 0.990620, 0.046434, -0.128511, -0.033559, 0.994361, 0.100599, 0.132458, -0.095343, 0.986592)
    }},
    {Time = 0.033, Data = {
      ["Head"] = CFrame.new(-0.000000, -0.000000, -0.000000, 0.994903, -0.027981, -0.096878, 0.017822, 0.994398, -0.104186, 0.099250, 0.101929, 0.989828),
      ["LeftFoot"] = CFrame.new(-0.000000, 0.000000, 0.000000, 0.998383, 0.054184, -0.017199, -0.056427, 0.907733, -0.415737, -0.006914, 0.416036, 0.909322),
      ["LeftHand"] = CFrame.new(0.000000, -0.000000, 0.000000, 0.977620, -0.114574, -0.176443, 0.022157, 0.890102, -0.455223, 0.209209, 0.441125, 0.872720),
      ["LeftLowerArm"] = CFrame.new(-0.000000, 0.000001, 0.000000, 0.824734, 0.303204, -0.477370, -0.565521, 0.442163, -0.696188, -0.000012, 0.844133, 0.536134),
      ["LeftLowerLeg"] = CFrame.new(-0.000000, -0.000000, -0.000000, 0.999519, 0.000539, 0.031020, -0.014568, 0.890924, 0.453918, -0.027392, -0.454151, 0.890503),
      ["LeftUpperArm"] = CFrame.new(-0.000000, -0.000000, 0.000000, 0.788883, -0.216710, -0.575065, 0.124974, 0.972780, -0.195144, 0.601701, 0.082077, 0.794493),
      ["LeftUpperLeg"] = CFrame.new(0.000000, 0.000000, 0.000000, 0.996399, -0.062745, 0.057030, 0.054082, 0.988322, 0.142456, -0.065303, -0.138859, 0.988157),
      ["LowerTorso"] = CFrame.new(0.069073, -0.234893, 0.000905, 0.963663, -0.066118, 0.258808, 0.023916, 0.986347, 0.162932, -0.266047, -0.150822, 0.952088),
      ["RightFoot"] = CFrame.new(0.000000, 0.000000, -0.000000, 0.951929, -0.031134, -0.304733, 0.028390, 0.999507, -0.013432, 0.305001, 0.004135, 0.952343),
      ["RightHand"] = CFrame.new(0.000000, -0.000000, -0.000000, 0.996276, 0.017348, -0.084456, -0.025038, 0.995549, -0.090862, 0.082504, 0.092638, 0.992276),
      ["RightLowerArm"] = CFrame.new(-0.000000, 0.000000, -0.000000, 0.824512, -0.542859, 0.159635, 0.565844, 0.791013, -0.232634, 0.000014, 0.282138, 0.959374),
      ["RightLowerLeg"] = CFrame.new(-0.000000, -0.000000, 0.000000, 0.996493, 0.021904, -0.080765, 0.038152, 0.740069, 0.671448, 0.074479, -0.672174, 0.736638),
      ["RightUpperArm"] = CFrame.new(0.000000, -0.000000, -0.000000, 0.926266, 0.334175, 0.174237, -0.366971, 0.905026, 0.215082, -0.085814, -0.263163, 0.960927),
      ["RightUpperLeg"] = CFrame.new(0.000000, 0.000000, -0.000000, 0.986055, -0.027595, -0.164116, -0.114697, 0.601852, -0.790328, 0.120582, 0.798131, 0.590294),
      ["UpperTorso"] = CFrame.new(0.000000, 0.000000, 0.000000, 0.992350, 0.043251, -0.115634, -0.031788, 0.994560, 0.099201, 0.119295, -0.094766, 0.988326)
    }},
    {Time = 0.050, Data = {
      ["Head"] = CFrame.new(-0.000000, -0.000000, 0.000000, 0.995560, -0.025033, -0.090734, 0.015438, 0.994357, -0.104953, 0.092849, 0.103086, 0.990329),
      ["LeftFoot"] = CFrame.new(0.000000, -0.000000, 0.000000, 0.998357, 0.054078, -0.018957, -0.057249, 0.926687, -0.371448, -0.002520, 0.371923, 0.928260),
      ["LeftHand"] = CFrame.new(-0.000000, -0.000000, -0.000000, 0.977852, -0.142037, -0.153725, 0.064557, 0.903350, -0.424019, 0.199094, 0.404703, 0.892512),
      ["LeftLowerArm"] = CFrame.new(-0.000000, -0.000000, -0.000000, 0.824705, 0.263968, -0.500182, -0.565563, 0.384953, -0.729349, 0.000022, 0.884382, 0.466764),
      ["LeftLowerLeg"] = CFrame.new(0.000000, 0.000000, 0.000000, 0.999998, -0.000546, -0.001861, 0.001446, 0.849484, 0.527612, 0.001293, -0.527614, 0.849483),
      ["LeftUpperArm"] = CFrame.new(-0.000000, -0.000000, 0.000000, 0.816048, -0.192465, -0.544998, 0.106553, 0.976863, -0.185430, 0.568077, 0.093249, 0.817675),
      ["LeftUpperLeg"] = CFrame.new(-0.000000, 0.000000, 0.000000, 0.998076, -0.025564, 0.056490, 0.020114, 0.995271, 0.095031, -0.058652, -0.093712, 0.993870),
      ["LowerTorso"] = CFrame.new(0.076752, -0.229588, -0.030408, 0.953278, -0.074550, 0.292752, 0.028533, 0.986959, 0.158420, -0.300744, -0.142665, 0.942974),
      ["RightFoot"] = CFrame.new(0.000000, 0.000000, 0.000000, 0.942041, -0.041240, -0.332954, 0.023043, 0.998026, -0.058418, 0.334706, 0.047360, 0.941132),
      ["RightHand"] = CFrame.new(-0.000000, -0.000001, -0.000000, 0.991742, 0.050861, -0.117732, -0.063535, 0.992277, -0.106537, 0.111404, 0.113138, 0.987314),
      ["RightLowerArm"] = CFrame.new(-0.000000, 0.000001, 0.000000, 0.824482, -0.544331, 0.154706, 0.565889, 0.793050, -0.225479, 0.000046, 0.273450, 0.961886),
      ["RightLowerLeg"] = CFrame.new(-0.000000, -0.000000, -0.000000, 0.999292, 0.022931, -0.029835, 0.004203, 0.719889, 0.694077, 0.037394, -0.693711, 0.719283),
      ["RightUpperArm"] = CFrame.new(0.000000, -0.000001, -0.000000, 0.926657, 0.334230, 0.172038, -0.367977, 0.900045, 0.233478, -0.076807, -0.279660, 0.957022),
      ["RightUpperLeg"] = CFrame.new(0.000000, -0.000000, -0.000000, 0.975272, -0.051957, -0.214816, -0.137378, 0.618869, -0.773388, 0.173126, 0.783774, 0.596427),
      ["UpperTorso"] = CFrame.new(-0.000000, -0.000000, -0.000000, 0.993955, 0.039799, -0.102320, -0.029763, 0.994760, 0.097810, 0.105677, -0.094174, 0.989931)
    }},
    {Time = 0.067, Data = {
      ["Head"] = CFrame.new(-0.000000, 0.000000, 0.000000, 0.996128, -0.021578, -0.085223, 0.012525, 0.994354, -0.105373, 0.087016, 0.103898, 0.990774),
      ["LeftFoot"] = CFrame.new(-0.000000, 0.000000, -0.000000, 0.998264, 0.054642, -0.022000, -0.058798, 0.946845, -0.316273, 0.003549, 0.317017, 0.948413),
      ["LeftHand"] = CFrame.new(-0.000000, -0.000000, -0.000000, 0.973820, -0.160956, -0.160526, 0.081230, 0.905925, -0.415575, 0.212313, 0.391655, 0.895282),
      ["LeftLowerArm"] = CFrame.new(-0.000000, -0.000000, 0.000000, 0.824726, 0.218383, -0.521667, -0.565533, 0.318518, -0.760736, 0.000028, 0.922418, 0.386192),
      ["LeftLowerLeg"] = CFrame.new(0.000000, -0.000000, -0.000000, 0.999265, -0.000808, -0.038311, 0.022869, 0.814796, 0.579296, 0.030748, -0.579747, 0.814216),
      ["LeftUpperArm"] = CFrame.new(0.000000, 0.000000, 0.000000, 0.840194, -0.168953, -0.515295, 0.083588, 0.979220, -0.184771, 0.535805, 0.112171, 0.836858),
      ["LeftUpperLeg"] = CFrame.new(0.000000, 0.000000, 0.000000, 0.998451, 0.016208, 0.053225, -0.019327, 0.998094, 0.058613, -0.052174, -0.059551, 0.996861),
      ["LowerTorso"] = CFrame.new(0.085352, -0.218231, -0.065502, 0.940580, -0.084000, 0.329017, 0.035405, 0.987899, 0.151002, -0.337720, -0.130381, 0.932173),
      ["RightFoot"] = CFrame.new(-0.000000, -0.000000, -0.000000, 0.932694, -0.050189, -0.357159, 0.016605, 0.995196, -0.096486, 0.360286, 0.084062, 0.929047),
      ["RightHand"] = CFrame.new(-0.000000, 0.000000, -0.000000, 0.982417, 0.084273, -0.166601, -0.105088, 0.987154, -0.120346, 0.154319, 0.135738, 0.978653),
      ["RightLowerArm"] = CFrame.new(0.000000, 0.000000, 0.000000, 0.824499, -0.545094, 0.151899, 0.565863, 0.794257, -0.221257, -0.000041, 0.268381, 0.963313),
      ["RightLowerLeg"] = CFrame.new(-0.000000, 0.000000, -0.000000, 0.999669, 0.024915, 0.006333, -0.022244, 0.714814, 0.698960, 0.012888, -0.698870, 0.715132),
      ["RightUpperArm"] = CFrame.new(-0.000000, -0.000000, -0.000000, 0.929242, 0.332382, 0.161340, -0.365317, 0.891858, 0.266706, -0.055245, -0.306775, 0.950177),
      ["RightUpperLeg"] = CFrame.new(0.000000, 0.000000, -0.000000, 0.963506, -0.067462, -0.259045, -0.154490, 0.650149, -0.743935, 0.218605, 0.756806, 0.616000),
      ["UpperTorso"] = CFrame.new(0.000000, -0.000000, 0.000000, 0.995246, 0.036074, -0.090468, -0.027312, 0.994979, 0.096284, 0.093488, -0.093356, 0.991234)
    }},
    {Time = 0.083, Data = {
      ["Head"] = CFrame.new(-0.000000, 0.000000, 0.000000, 0.996517, -0.018353, -0.081342, 0.009725, 0.994401, -0.105224, 0.082818, 0.104067, 0.991116),
      ["LeftFoot"] = CFrame.new(-0.000000, -0.000000, -0.000000, 0.998453, 0.049410, -0.025484, -0.054401, 0.962800, -0.264683, 0.011458, 0.265660, 0.963999),
      ["LeftHand"] = CFrame.new(0.000000, -0.000000, 0.000001, 0.963257, -0.209902, -0.167563, 0.125902, 0.903977, -0.408626, 0.237244, 0.372515, 0.897189),
      ["LeftLowerArm"] = CFrame.new(-0.000000, 0.000001, 0.000000, 0.824735, 0.168421, -0.539859, -0.565520, 0.245625, -0.787309, 0.000003, 0.954622, 0.297820),
      ["LeftLowerLeg"] = CFrame.new(-0.000000, 0.000000, -0.000000, 0.998116, 0.000931, -0.061341, 0.035533, 0.806316, 0.590417, 0.050010, -0.591485, 0.804764),
      ["LeftUpperArm"] = CFrame.new(-0.000000, 0.000000, 0.000000, 0.859692, -0.143102, -0.490358, 0.053551, 0.979916, -0.192086, 0.507998, 0.138876, 0.850089),
      ["LeftUpperLeg"] = CFrame.new(0.000000, 0.000000, 0.000000, 0.997182, 0.056074, 0.049829, -0.058947, 0.996563, 0.058193, -0.046395, -0.060967, 0.997061),
      ["LowerTorso"] = CFrame.new(0.096748, -0.198279, -0.103319, 0.926029, -0.091284, 0.366247, 0.044319, 0.989899, 0.134667, -0.374840, -0.108473, 0.920722),
      ["RightFoot"] = CFrame.new(-0.000000, 0.000000, -0.000000, 0.925036, -0.056134, -0.375710, 0.010989, 0.992562, -0.121242, 0.379721, 0.108025, 0.918772),
      ["RightHand"] = CFrame.new(0.000000, -0.000000, -0.000000, 0.961591, 0.107409, -0.252597, -0.143086, 0.981482, -0.127356, 0.234240, 0.158608, 0.959153),
      ["RightLowerArm"] = CFrame.new(-0.000000, 0.000000, -0.000000, 0.824512, -0.547105, 0.144414, 0.565844, 0.797197, -0.210468, 0.000022, 0.255250, 0.966875),
      ["RightLowerLeg"] = CFrame.new(0.000000, -0.000000, -0.000000, 0.999399, 0.026966, 0.021785, -0.034588, 0.733237, 0.679093, 0.002339, -0.679438, 0.733729),
      ["RightUpperArm"] = CFrame.new(0.000000, 0.000000, -0.000000, 0.932451, 0.331554, 0.143550, -0.360221, 0.883769, 0.298652, -0.027846, -0.330189, 0.943504),
      ["RightUpperLeg"] = CFrame.new(-0.000000, 0.000000, -0.000000, 0.953318, -0.066427, -0.294570, -0.165546, 0.700875, -0.693808, 0.252544, 0.710185, 0.657160),
      ["UpperTorso"] = CFrame.new(-0.000000, -0.000000, -0.000000, 0.996031, 0.032627, -0.082817, -0.024743, 0.995217, 0.094504, 0.085504, -0.092080, 0.992074)
    }},
    {Time = 0.100, Data = {
      ["Head"] = CFrame.new(-0.000000, 0.000000, 0.000000, 0.996643, -0.016195, -0.080253, 0.007750, 0.994500, -0.104448, 0.081503, 0.103475, 0.991287),
      ["LeftFoot"] = CFrame.new(0.000000, -0.000000, -0.000000, 0.998625, 0.043381, -0.029436, -0.048605, 0.976548, -0.209744, 0.019646, 0.210886, 0.977313),
      ["LeftHand"] = CFrame.new(-0.000001, -0.000000, -0.000000, 0.960416, -0.213273, -0.179208, 0.129536, 0.911449, -0.390489, 0.246620, 0.351818, 0.902997),
      ["LeftLowerArm"] = CFrame.new(-0.000000, 0.000000, 0.000000, 0.824724, 0.115164, -0.553686, -0.565536, 0.167913, -0.807449, -0.000018, 0.979052, 0.203612),
      ["LeftLowerLeg"] = CFrame.new(-0.000000, -0.000000, -0.000000, 0.996690, 0.005774, -0.081087, 0.042257, 0.815320, 0.577467, 0.069447, -0.578982, 0.812377),
      ["LeftUpperArm"] = CFrame.new(0.000000, -0.000000, 0.000000, 0.871965, -0.113422, -0.476248, 0.018730, 0.979809, -0.199058, 0.489209, 0.164651, 0.856484),
      ["LeftUpperLeg"] = CFrame.new(0.000000, 0.000000, 0.000000, 0.994722, 0.091018, 0.047364, -0.093888, 0.993626, 0.062391, -0.041384, -0.066509, 0.996927),
      ["LowerTorso"] = CFrame.new(0.108287, -0.171336, -0.139985, 0.905686, -0.097439, 0.412600, 0.049440, 0.990864, 0.125476, -0.421057, -0.093243, 0.902229),
      ["RightFoot"] = CFrame.new(0.000000, 0.000000, 0.000000, 0.919585, -0.053323, -0.389257, 0.000170, 0.990801, -0.135326, 0.392892, 0.124378, 0.911134),
      ["RightHand"] = CFrame.new(-0.000000, -0.000000, -0.000001, 0.926478, 0.120162, -0.356649, -0.175413, 0.976303, -0.126740, 0.332969, 0.179982, 0.925602),
      ["RightLowerArm"] = CFrame.new(-0.000000, -0.000000, -0.000000, 0.824490, -0.548965, 0.137307, 0.565876, 0.799852, -0.200054, -0.000002, 0.242642, 0.970116),
      ["RightLowerLeg"] = CFrame.new(0.000000, -0.000000, -0.000000, 0.999574, 0.027797, 0.008926, -0.027030, 0.765577, 0.642777, 0.011034, -0.642744, 0.766002),
      ["RightUpperArm"] = CFrame.new(0.000000, -0.000000, -0.000000, 0.937432, 0.328050, 0.116636, -0.348022, 0.873195, 0.341190, 0.010081, -0.360435, 0.932730),
      ["RightUpperLeg"] = CFrame.new(-0.000000, -0.000000, -0.000000, 0.946716, -0.058344, -0.316741, -0.167510, 0.750773, -0.638968, 0.275080, 0.657978, 0.700996),
      ["UpperTorso"] = CFrame.new(0.000000, 0.000000, -0.000000, 0.996199, 0.030330, -0.081661, -0.022738, 0.995468, 0.092336, 0.084091, -0.090129, 0.992374)
    }},
    {Time = 0.117, Data = {
      ["Head"] = CFrame.new(0.000000, 0.000000, 0.000000, 0.996488, -0.015538, -0.082280, 0.007029, 0.994687, -0.102709, 0.083439, 0.101770, 0.991303),
      ["LeftFoot"] = CFrame.new(-0.000000, 0.000000, 0.000000, 0.998894, 0.034099, -0.032360, -0.038845, 0.986413, -0.159627, 0.026477, 0.160707, 0.986647),
      ["LeftHand"] = CFrame.new(-0.000000, -0.000000, 0.000000, 0.953744, -0.249337, -0.167938, 0.167237, 0.904281, -0.392820, 0.249808, 0.346564, 0.904151),
      ["LeftLowerArm"] = CFrame.new(-0.000000, 0.000000, 0.000000, 0.824720, 0.060809, -0.562262, -0.565541, 0.088728, -0.819934, 0.000029, 0.994198, 0.107566),
      ["LeftLowerLeg"] = CFrame.new(0.000000, -0.000001, -0.000000, 0.996499, 0.014341, -0.082366, 0.032704, 0.839817, 0.541883, 0.076944, -0.542680, 0.836408),
      ["LeftUpperArm"] = CFrame.new(-0.000000, -0.000000, 0.000000, 0.883818, -0.085509, -0.459950, -0.021593, 0.974651, -0.222688, 0.467332, 0.206747, 0.859568),
      ["LeftUpperLeg"] = CFrame.new(-0.000000, -0.000000, 0.000000, 0.992250, 0.114925, 0.047241, -0.118363, 0.989909, 0.077909, -0.037810, -0.082897, 0.995841),
      ["LowerTorso"] = CFrame.new(0.120994, -0.140346, -0.174331, 0.879309, -0.101197, 0.465375, 0.051214, 0.991590, 0.118858, -0.473489, -0.080680, 0.877097),
      ["RightFoot"] = CFrame.new(0.000000, 0.000000, -0.000000, 0.915102, -0.043956, -0.400819, -0.012949, 0.990324, -0.138169, 0.403014, 0.131629, 0.905679),
      ["RightHand"] = CFrame.new(0.000000, -0.000000, 0.000000, 0.881932, 0.115325, -0.457052, -0.196858, 0.971118, -0.134823, 0.428303, 0.208879, 0.879162),
      ["RightLowerArm"] = CFrame.new(-0.000000, 0.000000, 0.000000, 0.824462, -0.551125, 0.128548, 0.565918, 0.802928, -0.187198, -0.000045, 0.227085, 0.973875),
      ["RightLowerLeg"] = CFrame.new(-0.000000, -0.000000, 0.000000, 0.999351, 0.025316, -0.025612, -0.005376, 0.808119, 0.588994, 0.035608, -0.588474, 0.807731),
      ["RightUpperArm"] = CFrame.new(0.000000, 0.000000, -0.000000, 0.942908, 0.324837, 0.073525, -0.327132, 0.861843, 0.387571, 0.062531, -0.389495, 0.918903),
      ["RightUpperLeg"] = CFrame.new(0.000000, -0.000000, -0.000000, 0.943247, -0.043052, -0.329291, -0.164973, 0.799815, -0.577131, 0.288218, 0.598701, 0.747320),
      ["UpperTorso"] = CFrame.new(-0.000000, -0.000000, 0.000000, 0.995681, 0.029223, -0.088118, -0.021257, 0.995712, 0.090031, 0.090371, -0.087769, 0.992033)
    }},
    {Time = 0.133, Data = {
      ["Head"] = CFrame.new(-0.000000, -0.000001, -0.000000, 0.996037, -0.016370, -0.087426, 0.007574, 0.994958, -0.100008, 0.088622, 0.098950, 0.991138),
      ["LeftFoot"] = CFrame.new(0.000000, -0.000000, 0.000000, 0.999232, 0.021386, -0.032833, -0.025136, 0.992643, -0.118437, 0.030058, 0.119171, 0.992419),
      ["LeftHand"] = CFrame.new(0.000000, -0.000000, -0.000000, 0.962159, -0.198885, -0.186264, 0.116027, 0.917531, -0.380361, 0.246551, 0.344356, 0.905887),
      ["LeftLowerArm"] = CFrame.new(-0.000000, 0.000000, -0.000000, 0.824707, 0.019465, -0.565226, -0.565561, 0.028376, -0.824218, -0.000005, 0.999408, 0.034410),
      ["LeftLowerLeg"] = CFrame.new(-0.000000, 0.000000, -0.000000, 0.997916, 0.025313, -0.059354, 0.006080, 0.878859, 0.477043, 0.064239, -0.476410, 0.876873),
      ["LeftUpperArm"] = CFrame.new(0.000000, -0.000001, 0.000000, 0.884027, -0.058934, -0.463705, -0.066572, 0.966034, -0.249692, 0.462670, 0.251604, 0.850078),
      ["LeftUpperLeg"] = CFrame.new(0.000000, -0.000000, 0.000000, 0.991431, 0.120019, 0.051578, -0.125078, 0.986060, 0.109731, -0.037689, -0.115242, 0.992622),
      ["LowerTorso"] = CFrame.new(0.135272, -0.103944, -0.203494, 0.842453, -0.099801, 0.529446, 0.046999, 0.992561, 0.112315, -0.536717, -0.069737, 0.840876),
      ["RightFoot"] = CFrame.new(0.000000, 0.000000, -0.000000, 0.909993, -0.029719, -0.413557, -0.024668, 0.991781, -0.125550, 0.413889, 0.124451, 0.901780),
      ["RightHand"] = CFrame.new(0.000000, 0.000000, -0.000000, 0.847967, 0.095571, -0.521362, -0.196072, 0.970397, -0.141017, 0.492451, 0.221802, 0.841603),
      ["RightLowerArm"] = CFrame.new(-0.000000, 0.000000, 0.000001, 0.824508, -0.552648, 0.121517, 0.565850, 0.805255, -0.177142, 0.000045, 0.214816, 0.976655),
      ["RightLowerLeg"] = CFrame.new(0.000000, 0.000000, -0.000000, 0.996779, 0.017837, -0.078190, 0.024328, 0.861768, 0.506719, 0.076420, -0.506989, 0.858558),
      ["RightUpperArm"] = CFrame.new(0.000000, -0.000001, -0.000000, 0.946935, 0.320830, 0.019562, -0.298085, 0.853776, 0.426863, 0.120249, -0.410043, 0.904105),
      ["RightUpperLeg"] = CFrame.new(-0.000000, 0.000000, -0.000000, 0.941587, -0.024319, -0.335891, -0.157417, 0.849938, -0.502817, 0.297714, 0.526321, 0.796462),
      ["UpperTorso"] = CFrame.new(0.000000, 0.000000, 0.000000, 0.994333, 0.030400, -0.101870, -0.021443, 0.995899, 0.087890, 0.104125, -0.085208, 0.990908)
    }},
    {Time = 0.150, Data = {
      ["Head"] = CFrame.new(0.000000, -0.000000, -0.000000, 0.995351, -0.018091, -0.094603, 0.008951, 0.995326, -0.096157, 0.095900, 0.094863, 0.990860),
      ["LeftFoot"] = CFrame.new(-0.000000, 0.000000, -0.000000, 0.999533, 0.006019, -0.029965, -0.008469, 0.996569, -0.082336, 0.029367, 0.082552, 0.996154),
      ["LeftHand"] = CFrame.new(-0.000000, -0.000000, 0.000000, 0.966577, -0.182745, -0.179813, 0.097146, 0.910132, -0.402768, 0.237257, 0.371838, 0.897466),
      ["LeftLowerArm"] = CFrame.new(0.000000, 0.000000, -0.000000, 0.824712, -0.008620, -0.565487, -0.565553, -0.012556, -0.824617, 0.000008, 0.999884, -0.015230),
      ["LeftLowerLeg"] = CFrame.new(0.000000, -0.000000, 0.000000, 0.999084, 0.035051, -0.024546, -0.022818, 0.921650, 0.387350, 0.036200, -0.386435, 0.921606),
      ["LeftUpperArm"] = CFrame.new(0.000000, -0.000001, 0.000000, 0.879476, -0.051918, -0.473103, -0.103597, 0.949317, -0.296759, 0.464532, 0.310004, 0.829522),
      ["LeftUpperLeg"] = CFrame.new(-0.000000, -0.000000, 0.000000, 0.991680, 0.114600, 0.058638, -0.122548, 0.979894, 0.157450, -0.039415, -0.163326, 0.985785),
      ["LowerTorso"] = CFrame.new(0.149659, -0.066733, -0.231158, 0.799805, -0.097498, 0.592289, 0.042709, 0.993463, 0.105864, -0.598738, -0.059375, 0.798741),
      ["RightFoot"] = CFrame.new(0.000000, -0.000000, -0.000000, 0.903611, -0.031314, -0.427209, -0.011464, 0.995199, -0.097197, 0.428201, 0.092726, 0.898914),
      ["RightHand"] = CFrame.new(-0.000000, -0.000000, -0.000000, 0.817850, 0.040181, -0.574027, -0.162076, 0.973257, -0.162793, 0.552135, 0.226177, 0.802491),
      ["RightLowerArm"] = CFrame.new(-0.000000, 0.000001, 0.000000, 0.824514, -0.552679, 0.121335, 0.565842, 0.805326, -0.176844, 0.000024, 0.214466, 0.976731),
      ["RightLowerLeg"] = CFrame.new(-0.000000, -0.000000, -0.000000, 0.991915, 0.004304, -0.126834, 0.049882, 0.905761, 0.420842, 0.116693, -0.423766, 0.898223),
      ["RightUpperArm"] = CFrame.new(-0.000000, 0.000000, -0.000000, 0.947242, 0.316885, -0.048119, -0.258211, 0.843398, 0.471176, 0.189892, -0.433893, 0.880726),
      ["RightUpperLeg"] = CFrame.new(0.000000, -0.000000, 0.000000, 0.938783, 0.001621, -0.344506, -0.159741, 0.888042, -0.431119, 0.305237, 0.459759, 0.833938),
      ["UpperTorso"] = CFrame.new(-0.000000, 0.000000, 0.000000, 0.992109, 0.034133, -0.120642, -0.023708, 0.995943, 0.086813, 0.123116, -0.083267, 0.988893)
    }},
    {Time = 0.167, Data = {
      ["Head"] = CFrame.new(0.000000, -0.000000, -0.000000, 0.994549, -0.019662, -0.102400, 0.010306, 0.995787, -0.091111, 0.103760, 0.089559, 0.990562),
      ["LeftFoot"] = CFrame.new(0.000000, -0.000000, -0.000000, 0.999571, -0.016798, -0.023979, 0.015471, 0.998396, -0.054468, 0.024856, 0.054074, 0.998228),
      ["LeftHand"] = CFrame.new(0.000000, -0.000000, 0.000001, 0.975540, -0.108836, -0.190987, 0.019053, 0.907424, -0.419784, 0.218994, 0.405877, 0.887302),
      ["LeftLowerArm"] = CFrame.new(0.000000, 0.000000, -0.000000, 0.824730, -0.027135, -0.564876, -0.565527, -0.039527, -0.823782, 0.000026, 0.998850, -0.047945),
      ["LeftLowerLeg"] = CFrame.new(0.000000, -0.000000, 0.000000, 0.998880, 0.041187, 0.023271, -0.045989, 0.960736, 0.273626, -0.011087, -0.274390, 0.961555),
      ["LeftUpperArm"] = CFrame.new(0.000000, -0.000000, -0.000000, 0.860228, -0.049542, -0.507496, -0.149942, 0.926690, -0.344621, 0.487365, 0.372548, 0.789737),
      ["LeftUpperLeg"] = CFrame.new(-0.000000, 0.000000, 0.000000, 0.993046, 0.095277, 0.069144, -0.108472, 0.968777, 0.222947, -0.045743, -0.228897, 0.972375),
      ["LowerTorso"] = CFrame.new(0.164967, -0.030896, -0.258494, 0.755368, -0.095967, 0.648235, 0.040419, 0.994158, 0.100079, -0.654053, -0.049396, 0.754834),
      ["RightFoot"] = CFrame.new(-0.000000, 0.000000, 0.000000, 0.896626, -0.055689, -0.439272, 0.032882, 0.997695, -0.059366, 0.441566, 0.038785, 0.896390),
      ["RightHand"] = CFrame.new(-0.000000, -0.000000, 0.000000, 0.800266, -0.010957, -0.599545, -0.125353, 0.974686, -0.185132, 0.586397, 0.223309, 0.778635),
      ["RightLowerArm"] = CFrame.new(-0.000000, -0.000000, 0.000000, 0.824470, -0.551808, 0.125531, 0.565906, 0.803925, -0.182905, 0.000011, 0.221838, 0.975083),
      ["RightLowerLeg"] = CFrame.new(-0.000000, 0.000000, 0.000000, 0.987345, -0.012010, -0.158129, 0.069947, 0.927876, 0.366271, 0.142325, -0.372696, 0.916974),
      ["RightUpperArm"] = CFrame.new(0.000000, -0.000000, -0.000000, 0.942339, 0.311078, -0.123402, -0.206640, 0.830906, 0.516619, 0.263244, -0.461330, 0.847276),
      ["RightUpperLeg"] = CFrame.new(0.000000, 0.000000, -0.000000, 0.933424, 0.029025, -0.357600, -0.175144, 0.906751, -0.383571, 0.313122, 0.420665, 0.851467),
      ["UpperTorso"] = CFrame.new(-0.000000, 0.000000, -0.000000, 0.989128, 0.040778, -0.141289, -0.028545, 0.995751, 0.087555, 0.144259, -0.082570, 0.986089)
    }},
    {Time = 0.183, Data = {
      ["Head"] = CFrame.new(0.000000, 0.000000, -0.000000, 0.993786, -0.020065, -0.109485, 0.010763, 0.996332, -0.084897, 0.110787, 0.083191, 0.990356),
      ["LeftFoot"] = CFrame.new(0.000000, -0.000000, -0.000000, 0.998616, -0.049778, -0.017004, 0.049095, 0.998052, -0.038492, 0.018887, 0.037604, 0.999114),
      ["LeftHand"] = CFrame.new(-0.000000, -0.000000, -0.000000, 0.975637, -0.014085, -0.218938, -0.080724, 0.904883, -0.417937, 0.204000, 0.425428, 0.881700),
      ["LeftLowerArm"] = CFrame.new(-0.000000, -0.000000, -0.000000, 0.824716, -0.040302, -0.564109, -0.565547, -0.058739, -0.822622, 0.000018, 0.997459, -0.071236),
      ["LeftLowerLeg"] = CFrame.new(-0.000000, 0.000000, 0.000000, 0.995928, 0.040392, 0.080600, -0.052783, 0.986016, 0.158071, -0.073088, -0.161682, 0.984133),
      ["LeftUpperArm"] = CFrame.new(0.000000, 0.000000, 0.000000, 0.836774, -0.054268, -0.544852, -0.191415, 0.903299, -0.383941, 0.513001, 0.425565, 0.745470),
      ["LeftUpperLeg"] = CFrame.new(0.000000, -0.000000, 0.000000, 0.994881, 0.062246, 0.079610, -0.083149, 0.951935, 0.294798, -0.057433, -0.299908, 0.952238),
      ["LowerTorso"] = CFrame.new(0.182174, 0.000115, -0.283232, 0.716136, -0.097972, 0.691050, 0.042970, 0.994410, 0.096451, -0.696636, -0.039378, 0.716343),
      ["RightFoot"] = CFrame.new(0.000000, 0.000000, -0.000000, 0.890801, -0.091066, -0.445174, 0.095094, 0.995379, -0.013334, 0.444332, -0.030456, 0.895345),
      ["RightHand"] = CFrame.new(-0.000000, -0.000000, 0.000000, 0.783546, -0.062491, -0.618183, -0.091611, 0.972436, -0.214419, 0.614543, 0.224639, 0.756224),
      ["RightLowerArm"] = CFrame.new(-0.000000, 0.000001, 0.000000, 0.824501, -0.550989, 0.128879, 0.565861, 0.802847, -0.187718, -0.000039, 0.227701, 0.973731),
      ["RightLowerLeg"] = CFrame.new(0.000000, 0.000000, -0.000000, 0.985281, -0.028542, -0.168543, 0.084604, 0.938158, 0.335711, 0.148538, -0.345029, 0.926764),
      ["RightUpperArm"] = CFrame.new(0.000000, 0.000000, -0.000000, 0.936546, 0.300424, -0.180630, -0.154361, 0.816073, 0.556953, 0.314730, -0.493730, 0.810664),
      ["RightUpperLeg"] = CFrame.new(0.000000, 0.000000, -0.000000, 0.925562, 0.056991, -0.374282, -0.200801, 0.911994, -0.357694, 0.320958, 0.406224, 0.855551),
      ["UpperTorso"] = CFrame.new(0.000000, -0.000000, 0.000000, 0.985682, 0.050296, -0.160940, -0.035977, 0.995230, 0.090677, 0.164733, -0.083588, 0.982790)
    }},
    {Time = 0.200, Data = {
      ["Head"] = CFrame.new(-0.000000, -0.000000, 0.000000, 0.993177, -0.018763, -0.115094, 0.009826, 0.996926, -0.077727, 0.116199, 0.076066, 0.990309),
      ["LeftFoot"] = CFrame.new(-0.000000, 0.000000, 0.000000, 0.994819, -0.101119, -0.010491, 0.100359, 0.993295, -0.057378, 0.016223, 0.056028, 0.998297),
      ["LeftHand"] = CFrame.new(0.000000, -0.000001, 0.000000, 0.966332, 0.041763, -0.253887, -0.147521, 0.898378, -0.413708, 0.210809, 0.437233, 0.874292),
      ["LeftLowerArm"] = CFrame.new(0.000000, 0.000000, 0.000000, 0.824723, -0.051244, -0.563211, -0.565537, -0.074711, -0.821332, 0.000010, 0.995888, -0.090596),
      ["LeftLowerLeg"] = CFrame.new(-0.000000, 0.000000, 0.000000, 0.990125, 0.028994, 0.137153, -0.044423, 0.992849, 0.110807, -0.132960, -0.115806, 0.984333),
      ["LeftUpperArm"] = CFrame.new(-0.000000, -0.000000, 0.000000, 0.817718, -0.070204, -0.571322, -0.222288, 0.877027, -0.425924, 0.530967, 0.475283, 0.701556),
      ["LeftUpperLeg"] = CFrame.new(0.000000, 0.000000, 0.000000, 0.996150, 0.021335, 0.085032, -0.049154, 0.939059, 0.340224, -0.072591, -0.343094, 0.936492),
      ["LowerTorso"] = CFrame.new(0.205053, 0.021335, -0.308383, 0.681463, -0.101101, 0.724836, 0.048394, 0.994470, 0.093211, -0.730251, -0.028442, 0.682587),
      ["RightFoot"] = CFrame.new(-0.000000, -0.000000, -0.000000, 0.889954, -0.127756, -0.437791, 0.155890, 0.987355, 0.028768, 0.428580, -0.093849, 0.898617),
      ["RightHand"] = CFrame.new(-0.000000, -0.000000, 0.000000, 0.772044, -0.076811, -0.630911, -0.080036, 0.973019, -0.216400, 0.630510, 0.217566, 0.745065),
      ["RightLowerArm"] = CFrame.new(-0.000001, 0.000000, -0.000000, 0.824508, -0.549377, 0.135542, 0.565850, 0.800502, -0.197510, 0.000006, 0.239545, 0.970885),
      ["RightLowerLeg"] = CFrame.new(0.000000, 0.000000, 0.000000, 0.984326, -0.042006, -0.171285, 0.098050, 0.937631, 0.333518, 0.146593, -0.345085, 0.927053),
      ["RightUpperArm"] = CFrame.new(-0.000000, -0.000000, -0.000000, 0.928576, 0.284651, -0.238159, -0.093312, 0.800137, 0.592515, 0.359220, -0.527973, 0.769549),
      ["RightUpperLeg"] = CFrame.new(0.000000, 0.000000, -0.000000, 0.916989, 0.080299, -0.390748, -0.229178, 0.907792, -0.351272, 0.326511, 0.411663, 0.850837),
      ["UpperTorso"] = CFrame.new(0.000000, 0.000000, -0.000000, 0.981906, 0.062966, -0.178597, -0.046221, 0.994267, 0.096418, 0.183644, -0.086419, 0.979187)
    }},
    {Time = 0.217, Data = {
      ["Head"] = CFrame.new(0.000000, 0.000000, 0.000000, 0.992737, -0.015536, -0.119301, 0.007198, 0.997521, -0.070005, 0.120093, 0.068637, 0.990387),
      ["LeftFoot"] = CFrame.new(0.000000, -0.000000, -0.000000, 0.985596, -0.168938, -0.007714, 0.168031, 0.983420, -0.068189, 0.019106, 0.065911, 0.997643),
      ["LeftHand"] = CFrame.new(0.000000, -0.000001, -0.000000, 0.961991, 0.107444, -0.251054, -0.205372, 0.890588, -0.405802, 0.179985, 0.441937, 0.878804),
      ["LeftLowerArm"] = CFrame.new(-0.000000, 0.000000, 0.000000, 0.824716, -0.060959, -0.562252, -0.565547, -0.088800, -0.819922, 0.000054, 0.994182, -0.107710),
      ["LeftLowerLeg"] = CFrame.new(-0.000000, 0.000000, 0.000000, 0.988766, 0.006181, 0.149345, -0.024918, 0.991980, 0.123918, -0.147381, -0.126247, 0.980990),
      ["LeftUpperArm"] = CFrame.new(0.000000, -0.000000, 0.000000, 0.793566, -0.087438, -0.602169, -0.256496, 0.849333, -0.461350, 0.551782, 0.520566, 0.651574),
      ["LeftUpperLeg"] = CFrame.new(0.000000, 0.000000, 0.000000, 0.995954, -0.020476, 0.087506, -0.012166, 0.934018, 0.357018, -0.089042, -0.356638, 0.929990),
      ["LowerTorso"] = CFrame.new(0.228050, 0.040236, -0.337739, 0.649289, -0.102730, 0.753572, 0.053181, 0.994543, 0.089758, -0.758680, -0.018204, 0.651209),
      ["RightFoot"] = CFrame.new(0.000000, 0.000000, -0.000000, 0.896035, -0.164157, -0.412521, 0.217581, 0.972272, 0.085704, 0.387014, -0.166551, 0.906907),
      ["RightHand"] = CFrame.new(-0.000000, -0.000000, -0.000000, 0.792209, -0.053605, -0.607892, -0.082028, 0.977741, -0.193118, 0.604712, 0.202854, 0.770177),
      ["RightLowerArm"] = CFrame.new(-0.000000, 0.000000, -0.000000, 0.824502, -0.547727, 0.142093, 0.565858, 0.798106, -0.206956, -0.000050, 0.251040, 0.967977),
      ["RightLowerLeg"] = CFrame.new(0.000000, -0.000000, 0.000000, 0.986864, -0.049701, -0.153720, 0.100485, 0.933888, 0.343157, 0.126502, -0.354095, 0.926614),
      ["RightUpperArm"] = CFrame.new(0.000000, -0.000000, -0.000000, 0.912461, 0.267773, -0.309376, -0.022870, 0.788311, 0.614852, 0.408525, -0.553953, 0.725426),
      ["RightUpperLeg"] = CFrame.new(-0.000000, 0.000000, 0.000000, 0.911184, 0.093476, -0.401255, -0.248571, 0.901423, -0.354471, 0.328566, 0.422729, 0.844597),
      ["UpperTorso"] = CFrame.new(-0.000000, 0.000000, 0.000000, 0.978190, 0.075108, -0.193656, -0.055741, 0.993057, 0.103592, 0.200092, -0.090538, 0.975585)
    }},
    {Time = 0.233, Data = {
      ["Head"] = CFrame.new(-0.000000, -0.000001, -0.000000, 0.992336, -0.010709, -0.123103, 0.003069, 0.998066, -0.062085, 0.123530, 0.061232, 0.990450),
      ["LeftFoot"] = CFrame.new(-0.000000, -0.000000, -0.000000, 0.971962, -0.234866, -0.011341, 0.233790, 0.970418, -0.060260, 0.025158, 0.055919, 0.998118),
      ["LeftHand"] = CFrame.new(-0.000000, -0.000000, 0.000000, 0.952962, 0.184046, -0.240810, -0.272486, 0.868153, -0.414803, 0.132717, 0.460909, 0.877467),
      ["LeftLowerArm"] = CFrame.new(0.000000, 0.000001, 0.000000, 0.824719, -0.063003, -0.562023, -0.565543, -0.091906, -0.819582, -0.000018, 0.993773, -0.111428),
      ["LeftLowerLeg"] = CFrame.new(0.000000, -0.000000, 0.000000, 0.989635, -0.025755, 0.141280, 0.005506, 0.989868, 0.141884, -0.143502, -0.139635, 0.979750),
      ["LeftUpperArm"] = CFrame.new(0.000000, -0.000001, -0.000000, 0.763849, -0.102464, -0.637209, -0.292833, 0.824814, -0.483663, 0.575137, 0.556041, 0.600029),
      ["LeftUpperLeg"] = CFrame.new(0.000000, -0.000000, 0.000000, 0.994124, -0.062596, 0.088310, 0.025071, 0.926804, 0.374707, -0.105301, -0.370291, 0.922928),
      ["LowerTorso"] = CFrame.new(0.249214, 0.050841, -0.370279, 0.619461, -0.102590, 0.778295, 0.056890, 0.994684, 0.085833, -0.782963, -0.008893, 0.622005),
      ["RightFoot"] = CFrame.new(0.000000, 0.000000, 0.000000, 0.914582, -0.176109, -0.364040, 0.242229, 0.959409, 0.144428, 0.323829, -0.220272, 0.920117),
      ["RightHand"] = CFrame.new(-0.000000, -0.000001, 0.000000, 0.809553, -0.021666, -0.586647, -0.082188, 0.985294, -0.149805, 0.581265, 0.169490, 0.795867),
      ["RightLowerArm"] = CFrame.new(-0.000000, 0.000001, 0.000001, 0.824483, -0.543709, 0.156869, 0.565886, 0.792189, -0.228494, -0.000036, 0.277159, 0.960824),
      ["RightLowerLeg"] = CFrame.new(-0.000000, 0.000000, 0.000000, 0.990402, -0.051940, -0.128086, 0.098793, 0.914124, 0.393214, 0.096663, -0.402094, 0.910482),
      ["RightUpperArm"] = CFrame.new(-0.000000, -0.000001, -0.000000, 0.891175, 0.250645, -0.378132, 0.048682, 0.775865, 0.629018, 0.451040, -0.578973, 0.679230),
      ["RightUpperLeg"] = CFrame.new(0.000000, 0.000000, -0.000000, 0.909860, 0.092914, -0.404378, -0.261126, 0.885617, -0.384052, 0.322440, 0.455027, 0.830050),
      ["UpperTorso"] = CFrame.new(0.000000, -0.000000, 0.000000, 0.974387, 0.085965, -0.207799, -0.063751, 0.991735, 0.111343, 0.215653, -0.095244, 0.971814)
    }},
    {Time = 0.250, Data = {
      ["Head"] = CFrame.new(0.000000, 0.000001, 0.000000, 0.991772, -0.004791, -0.127927, -0.002207, 0.998511, -0.054506, 0.127998, 0.054340, 0.990285),
      ["LeftFoot"] = CFrame.new(-0.000000, -0.000000, -0.000000, 0.955612, -0.293824, -0.021732, 0.293233, 0.955667, -0.026740, 0.028626, 0.019180, 0.999406),
      ["LeftHand"] = CFrame.new(-0.000001, -0.000001, -0.000000, 0.947614, 0.221831, -0.229822, -0.299988, 0.865184, -0.401826, 0.109701, 0.449720, 0.886407),
      ["LeftLowerArm"] = CFrame.new(-0.000000, -0.000000, 0.000001, 0.824723, -0.062717, -0.562049, -0.565537, -0.091395, -0.819643, 0.000037, 0.993838, -0.110844),
      ["LeftLowerLeg"] = CFrame.new(0.000000, 0.000000, 0.000000, 0.992736, -0.057498, 0.105688, 0.038298, 0.983743, 0.175453, -0.114058, -0.170131, 0.978798),
      ["LeftUpperArm"] = CFrame.new(0.000000, 0.000000, 0.000000, 0.729566, -0.116327, -0.673945, -0.332659, 0.800642, -0.498308, 0.597555, 0.587742, 0.545424),
      ["LeftUpperLeg"] = CFrame.new(-0.000000, -0.000000, 0.000000, 0.990887, -0.101303, 0.088776, 0.060488, 0.923536, 0.378711, -0.120352, -0.369890, 0.921248),
      ["LowerTorso"] = CFrame.new(0.266014, 0.054615, -0.406192, 0.588058, -0.102599, 0.802285, 0.059644, 0.994722, 0.083490, -0.806617, -0.001245, 0.591073),
      ["RightFoot"] = CFrame.new(-0.000000, 0.000000, -0.000000, 0.944162, -0.152272, -0.292185, 0.224701, 0.946160, 0.233005, 0.240974, -0.285648, 0.927543),
      ["RightHand"] = CFrame.new(0.000000, 0.000000, 0.000000, 0.826164, 0.006565, -0.563391, -0.074288, 0.992472, -0.097372, 0.558511, 0.122299, 0.820432),
      ["RightLowerArm"] = CFrame.new(-0.000001, -0.000000, -0.000000, 0.824473, -0.538748, 0.173189, 0.565901, 0.784901, -0.252361, 0.000023, 0.306073, 0.952008),
      ["RightLowerLeg"] = CFrame.new(0.000000, 0.000000, 0.000000, 0.996519, -0.050329, -0.066465, 0.073389, 0.907806, 0.412920, 0.039555, -0.416360, 0.908339),
      ["RightUpperArm"] = CFrame.new(-0.000000, 0.000000, -0.000000, 0.857704, 0.236735, -0.456400, 0.123387, 0.766971, 0.629707, 0.499120, -0.596416, 0.628624),
      ["RightUpperLeg"] = CFrame.new(-0.000000, -0.000000, 0.000000, 0.914079, 0.091524, -0.395073, -0.263792, 0.874119, -0.407835, 0.308014, 0.477011, 0.823157),
      ["UpperTorso"] = CFrame.new(-0.000000, -0.000001, 0.000000, 0.970004, 0.095035, -0.223741, -0.069717, 0.990507, 0.118470, 0.232876, -0.099317, 0.967422)
    }},
    {Time = 0.267, Data = {
      ["Head"] = CFrame.new(0.000000, 0.000000, -0.000000, 0.990840, 0.001478, -0.135032, -0.007993, 0.998829, -0.047722, 0.134803, 0.048364, 0.989691),
      ["LeftFoot"] = CFrame.new(-0.000000, -0.000000, -0.000000, 0.939433, -0.341018, -0.034245, 0.341698, 0.939668, 0.016318, 0.026614, -0.027032, 0.999280),
      ["LeftHand"] = CFrame.new(0.000000, -0.000000, 0.000000, 0.944760, 0.236577, -0.226846, -0.312225, 0.860159, -0.403290, 0.099715, 0.451839, 0.886509),
      ["LeftLowerArm"] = CFrame.new(-0.000000, 0.000000, 0.000000, 0.824716, -0.051717, -0.563177, -0.565547, -0.075413, -0.821261, 0.000002, 0.995810, -0.091443),
