return {
  ["DANCE A"] = {
    {Time = 0.000, Data = {
      ["Head"] = CFrame.new(0.000000, -0.011474, 0.190249, 0.976664, 0.000012, -0.214771, 0.071240, 0.943366, 0.324014, 0.202612, -0.331753, 0.921352),
      ["LeftFoot"] = CFrame.new(-0.000000, -0.000000, 0.000000, 0.971215, 0.143598, 0.190055, -0.146228, 0.989251, -0.000187, -0.188038, -0.027610, 0.981773),
      ["LeftHand"] = CFrame.new(0.000000, -0.000000, -0.000000, 0.955641, -0.285281, 0.073248, 0.284571, 0.958443, 0.020174, -0.075959, 0.001565, 0.997110),
      ["LeftLowerArm"] = CFrame.new(-0.000000, -0.000000, 0.000004, 0.791782, -0.340209, 0.507286, 0.580628, 0.161405, -0.798010, 0.189612, 0.926394, 0.325332),
      ["LeftLowerLeg"] = CFrame.new(-0.000000, 0.000000, -0.000000, 0.997351, 0.053352, 0.049440, -0.070946, 0.863442, 0.499434, -0.016042, -0.501619, 0.864940),
      ["LeftUpperArm"] = CFrame.new(0.000000, -0.008737, 0.144880, 0.924768, -0.052658, 0.376870, 0.199629, 0.910289, -0.362660, -0.323964, 0.410611, 0.852318),
      ["LeftUpperLeg"] = CFrame.new(0.063436, -0.023521, -0.030379, 0.951783, -0.245695, 0.183695, 0.293321, 0.904231, -0.310370, -0.089846, 0.349286, 0.932699),
      ["LowerTorso"] = CFrame.new(0.539601, -0.009646, -0.005811, -0.965489, -0.074778, 0.249481, 0.002005, 0.955733, 0.294228, -0.260439, 0.284573, -0.922600),
      ["RightFoot"] = CFrame.new(-0.000000, -0.000000, 0.000000, 0.991726, -0.126477, -0.021974, 0.126264, 0.991938, -0.010822, 0.023165, 0.007958, 0.999700),
      ["RightHand"] = CFrame.new(0.000000, 0.000000, -0.000000, 0.896860, 0.121153, -0.425398, -0.122472, 0.992173, 0.024364, 0.425020, 0.030248, 0.904678),
      ["RightLowerArm"] = CFrame.new(0.000000, 0.000000, 0.000004, 0.620718, 0.156957, 0.768162, 0.783907, -0.106642, -0.611651, -0.014085, 0.981831, -0.189235),
      ["RightLowerLeg"] = CFrame.new(-0.000000, 0.000000, -0.000000, 0.997856, -0.044798, -0.047712, 0.057027, 0.952849, 0.298038, 0.032111, -0.300120, 0.953361),
      ["RightUpperArm"] = CFrame.new(0.000000, -0.008737, 0.144879, 0.923010, 0.027718, -0.383777, -0.178619, 0.914288, -0.363557, 0.340806, 0.404116, 0.848847),
      ["RightUpperLeg"] = CFrame.new(-0.063553, -0.024513, -0.032075, 0.976210, 0.172272, -0.131671, -0.212275, 0.883114, -0.418388, 0.044204, 0.436385, 0.898674),
      ["UpperTorso"] = CFrame.new(-0.000691, -0.011813, 0.106763, 0.909771, 0.018471, -0.414699, -0.123898, 0.965556, -0.228802, 0.396188, 0.259537, 0.880724)
    }},
    {Time = 0.033, Data = {
      ["Head"] = CFrame.new(0.000000, -0.011474, 0.190249, 0.976664, 0.000012, -0.214771, 0.071240, 0.943366, 0.324014, 0.202612, -0.331753, 0.921352),
      ["LeftFoot"] = CFrame.new(-0.000000, -0.000000, 0.000000, 0.971215, 0.143598, 0.190055, -0.146228, 0.989251, -0.000187, -0.188038, -0.027610, 0.981773),
      ["LeftHand"] = CFrame.new(0.000000, -0.000000, -0.000000, 0.955641, -0.285281, 0.073248, 0.284571, 0.958443, 0.020174, -0.075959, 0.001565, 0.997110),
      ["LeftLowerArm"] = CFrame.new(-0.000000, -0.000000, 0.000004, 0.791782, -0.340209, 0.507286, 0.580628, 0.161405, -0.798010, 0.189612, 0.926394, 0.325332),
      ["LeftLowerLeg"] = CFrame.new(-0.000000, 0.000000, -0.000000, 0.997351, 0.053352, 0.049440, -0.070946, 0.863442, 0.499434, -0.016042, -0.501619, 0.864940),
      ["LeftUpperArm"] = CFrame.new(0.000000, -0.008737, 0.144880, 0.924768, -0.052658, 0.376870, 0.199629, 0.910289, -0.362660, -0.323964, 0.410611, 0.852318),
      ["LeftUpperLeg"] = CFrame.new(0.063436, -0.023521, -0.030379, 0.951783, -0.245695, 0.183695, 0.293321, 0.904231, -0.310370, -0.089846, 0.349286, 0.932699),
      ["LowerTorso"] = CFrame.new(0.539601, -0.009646, -0.005811, -0.965489, -0.074778, 0.249481, 0.002005, 0.955733, 0.294228, -0.260439, 0.284573, -0.922600),
      ["RightFoot"] = CFrame.new(-0.000000, -0.000000, 0.000000, 0.991726, -0.126477, -0.021974, 0.126264, 0.991938, -0.010822, 0.023165, 0.007958, 0.999700),
      ["RightHand"] = CFrame.new(0.000000, 0.000000, -0.000000, 0.896860, 0.121153, -0.425398, -0.122472, 0.992173, 0.024364, 0.425020, 0.030248, 0.904678),
      ["RightLowerArm"] = CFrame.new(0.000000, 0.000000, 0.000004, 0.620718, 0.156957, 0.768162, 0.783907, -0.106642, -0.611651, -0.014085, 0.981831, -0.189235),
      ["RightLowerLeg"] = CFrame.new(-0.000000, 0.000000, -0.000000, 0.997856, -0.044798, -0.047712, 0.057027, 0.952849, 0.298038, 0.032111, -0.300120, 0.953361),
      ["RightUpperArm"] = CFrame.new(0.000000, -0.008737, 0.144879, 0.923010, 0.027718, -0.383777, -0.178619, 0.914288, -0.363557, 0.340806, 0.404116, 0.848847),
      ["RightUpperLeg"] = CFrame.new(-0.063553, -0.024513, -0.032075, 0.976210, 0.172272, -0.131671, -0.212275, 0.883114, -0.418388, 0.044204, 0.436385, 0.898674),
      ["UpperTorso"] = CFrame.new(-0.000691, -0.011813, 0.106763, 0.909771, 0.018471, -0.414699, -0.123898, 0.965556, -0.228802, 0.396188, 0.259537, 0.880724)
    }},
    {Time = 0.067, Data = {
      ["Head"] = CFrame.new(0.000000, -0.011474, 0.190249, 0.976664, 0.000012, -0.214771, 0.071240, 0.943366, 0.324014, 0.202612, -0.331753, 0.921352),
      ["LeftFoot"] = CFrame.new(-0.000000, -0.000000, 0.000000, 0.971215, 0.143598, 0.190055, -0.146228, 0.989251, -0.000187, -0.188038, -0.027610, 0.981773),
      ["LeftHand"] = CFrame.new(0.000000, -0.000000, -0.000000, 0.955641, -0.285281, 0.073248, 0.284571, 0.958443, 0.020174, -0.075959, 0.001565, 0.997110),
      ["LeftLowerArm"] = CFrame.new(-0.000000, -0.000000, 0.000004, 0.791782, -0.340209, 0.507286, 0.580628, 0.161405, -0.798010, 0.189612, 0.926394, 0.325332),
      ["LeftLowerLeg"] = CFrame.new(-0.000000, 0.000000, -0.000000, 0.997351, 0.053352, 0.049440, -0.070946, 0.863442, 0.499434, -0.016042, -0.501619, 0.864940),
      ["LeftUpperArm"] = CFrame.new(0.000000, -0.008737, 0.144880, 0.924768, -0.052658, 0.376870, 0.199629, 0.910289, -0.362660, -0.323964, 0.410611, 0.852318),
      ["LeftUpperLeg"] = CFrame.new(0.063436, -0.023521, -0.030379, 0.951783, -0.245695, 0.183695, 0.293321, 0.904231, -0.310370, -0.089846, 0.349286, 0.932699),
      ["LowerTorso"] = CFrame.new(0.539601, -0.009646, -0.005811, -0.965489, -0.074778, 0.249481, 0.002005, 0.955733, 0.294228, -0.260439, 0.284573, -0.922600),
      ["RightFoot"] = CFrame.new(-0.000000, -0.000000, 0.000000, 0.991726, -0.126477, -0.021974, 0.126264, 0.991938, -0.010822, 0.023165, 0.007958, 0.999700),
      ["RightHand"] = CFrame.new(0.000000, 0.000000, -0.000000, 0.896860, 0.121153, -0.425398, -0.122472, 0.992173, 0.024364, 0.425020, 0.030248, 0.904678),
      ["RightLowerArm"] = CFrame.new(0.000000, 0.000000, 0.000004, 0.620718, 0.156957, 0.768162, 0.783907, -0.106642, -0.611651, -0.014085, 0.981831, -0.189235),
      ["RightLowerLeg"] = CFrame.new(-0.000000, 0.000000, -0.000000, 0.997856, -0.044798, -0.047712, 0.057027, 0.952849, 0.298038, 0.032111, -0.300120, 0.953361),
      ["RightUpperArm"] = CFrame.new(0.000000, -0.008737, 0.144879, 0.923010, 0.027718, -0.383777, -0.178619, 0.914288, -0.363557, 0.340806, 0.404116, 0.848847),
      ["RightUpperLeg"] = CFrame.new(-0.063553, -0.024513, -0.032075, 0.976210, 0.172272, -0.131671, -0.212275, 0.883114, -0.418388, 0.044204, 0.436385, 0.898674),
      ["UpperTorso"] = CFrame.new(-0.000691, -0.011813, 0.106763, 0.909771, 0.018471, -0.414699, -0.123898, 0.965556, -0.228802, 0.396188, 0.259537, 0.880724)
    }},
    {Time = 0.100, Data = {
      ["Head"] = CFrame.new(0.000000, -0.011474, 0.190249, 0.976664, 0.000012, -0.214771, 0.071240, 0.943366, 0.324014, 0.202612, -0.331753, 0.921352),
      ["LeftFoot"] = CFrame.new(-0.000000, -0.000000, 0.000000, 0.971215, 0.143598, 0.190055, -0.146228, 0.989251, -0.000187, -0.188038, -0.027610, 0.981773),
      ["LeftHand"] = CFrame.new(0.000000, -0.000000, -0.000000, 0.955641, -0.285281, 0.073248, 0.284571, 0.958443, 0.020174, -0.075959, 0.001565, 0.997110),
      ["LeftLowerArm"] = CFrame.new(-0.000000, -0.000000, 0.000004, 0.791782, -0.340209, 0.507286, 0.580628, 0.161405, -0.798010, 0.189612, 0.926394, 0.325332),
      ["LeftLowerLeg"] = CFrame.new(-0.000000, 0.000000, -0.000000, 0.997351, 0.053352, 0.049440, -0.070946, 0.863442, 0.499434, -0.016042, -0.501619, 0.864940),
      ["LeftUpperArm"] = CFrame.new(0.000000, -0.008737, 0.144880, 0.924768, -0.052658, 0.376870, 0.199629, 0.910289, -0.362660, -0.323964, 0.410611, 0.852318),
      ["LeftUpperLeg"] = CFrame.new(0.063436, -0.023521, -0.030379, 0.951783, -0.245695, 0.183695, 0.293321, 0.904231, -0.310370, -0.089846, 0.349286, 0.932699),
      ["LowerTorso"] = CFrame.new(0.539601, -0.009646, -0.005811, -0.965489, -0.074778, 0.249481, 0.002005, 0.955733, 0.294228, -0.260439, 0.284573, -0.922600),
      ["RightFoot"] = CFrame.new(-0.000000, -0.000000, 0.000000, 0.991726, -0.126477, -0.021974, 0.126264, 0.991938, -0.010822, 0.023165, 0.007958, 0.999700),
      ["RightHand"] = CFrame.new(0.000000, 0.000000, -0.000000, 0.896860, 0.121153, -0.425398, -0.122472, 0.992173, 0.024364, 0.425020, 0.030248, 0.904678),
      ["RightLowerArm"] = CFrame.new(0.000000, 0.000000, 0.000004, 0.620718, 0.156957, 0.768162, 0.783907, -0.106642, -0.611651, -0.014085, 0.981831, -0.189235),
      ["RightLowerLeg"] = CFrame.new(-0.000000, 0.000000, -0.000000, 0.997856, -0.044798, -0.047712, 0.057027, 0.952849, 0.298038, 0.032111, -0.300120, 0.953361),
      ["RightUpperArm"] = CFrame.new(0.000000, -0.008737, 0.144879, 0.923010, 0.027718, -0.383777, -0.178619, 0.914288, -0.363557, 0.340806, 0.404116, 0.848847),
      ["RightUpperLeg"] = CFrame.new(-0.063553, -0.024513, -0.032075, 0.976210, 0.172272, -0.131671, -0.212275, 0.883114, -0.418388, 0.044204, 0.436385, 0.898674),
      ["UpperTorso"] = CFrame.new(-0.000691, -0.011813, 0.106763, 0.909771, 0.018471, -0.414699, -0.123898, 0.965556, -0.228802, 0.396188, 0.259537, 0.880724)
    }},
    {Time = 0.133, Data = {
      ["Head"] = CFrame.new(0.000000, -0.011474, 0.190249, 0.976664, 0.000012, -0.214771, 0.071240, 0.943366, 0.324014, 0.202612, -0.331753, 0.921352),
      ["LeftFoot"] = CFrame.new(-0.000000, -0.000000, 0.000000, 0.971215, 0.143598, 0.190055, -0.146228, 0.989251, -0.000187, -0.188038, -0.027610, 0.981773),
      ["LeftHand"] = CFrame.new(0.000000, -0.000000, -0.000000, 0.955641, -0.285281, 0.073248, 0.284571, 0.958443, 0.020174, -0.075959, 0.001565, 0.997110),
      ["LeftLowerArm"] = CFrame.new(-0.000000, -0.000000, 0.000004, 0.791782, -0.340209, 0.507286, 0.580628, 0.161405, -0.798010, 0.189612, 0.926394, 0.325332),
      ["LeftLowerLeg"] = CFrame.new(-0.000000, 0.000000, -0.000000, 0.997351, 0.053352, 0.049440, -0.070946, 0.863442, 0.499434, -0.016042, -0.501619, 0.864940),
      ["LeftUpperArm"] = CFrame.new(0.000000, -0.008737, 0.144880, 0.924768, -0.052658, 0.376870, 0.199629, 0.910289, -0.362660, -0.323964, 0.410611, 0.852318),
      ["LeftUpperLeg"] = CFrame.new(0.063436, -0.023521, -0.030379, 0.951783, -0.245695, 0.183695, 0.293321, 0.904231, -0.310370, -0.089846, 0.349286, 0.932699),
      ["LowerTorso"] = CFrame.new(0.539601, -0.009646, -0.005811, -0.965489, -0.074778, 0.249481, 0.002005, 0.955733, 0.294228, -0.260439, 0.284573, -0.922600),
      ["RightFoot"] = CFrame.new(-0.000000, -0.000000, 0.000000, 0.991726, -0.126477, -0.021974, 0.126264, 0.991938, -0.010822, 0.023165, 0.007958, 0.999700),
      ["RightHand"] = CFrame.new(0.000000, 0.000000, -0.000000, 0.896860, 0.121153, -0.425398, -0.122472, 0.992173, 0.024364, 0.425020, 0.030248, 0.904678),
      ["RightLowerArm"] = CFrame.new(0.000000, 0.000000, 0.000004, 0.620718, 0.156957, 0.768162, 0.783907, -0.106642, -0.611651, -0.014085, 0.981831, -0.189235),
      ["RightLowerLeg"] = CFrame.new(-0.000000, 0.000000, -0.000000, 0.997856, -0.044798, -0.047712, 0.057027, 0.952849, 0.298038, 0.032111, -0.300120, 0.953361),
      ["RightUpperArm"] = CFrame.new(0.000000, -0.008737, 0.144879, 0.923010, 0.027718, -0.383777, -0.178619, 0.914288, -0.363557, 0.340806, 0.404116, 0.848847),
      ["RightUpperLeg"] = CFrame.new(-0.063553, -0.024513, -0.032075, 0.976210, 0.172272, -0.131671, -0.212275, 0.883114, -0.418388, 0.044204, 0.436385, 0.898674),
      ["UpperTorso"] = CFrame.new(-0.000691, -0.011813, 0.106763, 0.909771, 0.018471, -0.414699, -0.123898, 0.965556, -0.228802, 0.396188, 0.259537, 0.880724)
    }},
    {Time = 0.167, Data = {
      ["Head"] = CFrame.new(0.000000, -0.011474, 0.190249, 0.976664, 0.000012, -0.214771, 0.071240, 0.943366, 0.324014, 0.202612, -0.331753, 0.921352),
      ["LeftFoot"] = CFrame.new(-0.000000, -0.000000, 0.000000, 0.971215, 0.143598, 0.190055, -0.146228, 0.989251, -0.000187, -0.188038, -0.027610, 0.981773),
      ["LeftHand"] = CFrame.new(0.000000, -0.000000, -0.000000, 0.955641, -0.285281, 0.073248, 0.284571, 0.958443, 0.020174, -0.075959, 0.001565, 0.997110),
      ["LeftLowerArm"] = CFrame.new(-0.000000, -0.000000, 0.000004, 0.791782, -0.340209, 0.507286, 0.580628, 0.161405, -0.798010, 0.189612, 0.926394, 0.325332),
      ["LeftLowerLeg"] = CFrame.new(-0.000000, 0.000000, -0.000000, 0.997351, 0.053352, 0.049440, -0.070946, 0.863442, 0.499434, -0.016042, -0.501619, 0.864940),
      ["LeftUpperArm"] = CFrame.new(0.000000, -0.008737, 0.144880, 0.924768, -0.052658, 0.376870, 0.199629, 0.910289, -0.362660, -0.323964, 0.410611, 0.852318),
      ["LeftUpperLeg"] = CFrame.new(0.063436, -0.023521, -0.030379, 0.951783, -0.245695, 0.183695, 0.293321, 0.904231, -0.310370, -0.089846, 0.349286, 0.932699),
      ["LowerTorso"] = CFrame.new(0.539601, -0.009646, -0.005811, -0.965489, -0.074778, 0.249481, 0.002005, 0.955733, 0.294228, -0.260439, 0.284573, -0.922600),
      ["RightFoot"] = CFrame.new(-0.000000, -0.000000, 0.000000, 0.991726, -0.126477, -0.021974, 0.126264, 0.991938, -0.010822, 0.023165, 0.007958, 0.999700),
      ["RightHand"] = CFrame.new(0.000000, 0.000000, -0.000000, 0.896860, 0.121153, -0.425398, -0.122472, 0.992173, 0.024364, 0.425020, 0.030248, 0.904678),
      ["RightLowerArm"] = CFrame.new(0.000000, 0.000000, 0.000004, 0.620718, 0.156957, 0.768162, 0.783907, -0.106642, -0.611651, -0.014085, 0.981831, -0.189235),
      ["RightLowerLeg"] = CFrame.new(-0.000000, 0.000000, -0.000000, 0.997856, -0.044798, -0.047712, 0.057027, 0.952849, 0.298038, 0.032111, -0.300120, 0.953361),
      ["RightUpperArm"] = CFrame.new(0.000000, -0.008737, 0.144879, 0.923010, 0.027718, -0.383777, -0.178619, 0.914288, -0.363557, 0.340806, 0.404116, 0.848847),
      ["RightUpperLeg"] = CFrame.new(-0.063553, -0.024513, -0.032075, 0.976210, 0.172272, -0.131671, -0.212275, 0.883114, -0.418388, 0.044204, 0.436385, 0.898674),
      ["UpperTorso"] = CFrame.new(-0.000691, -0.011813, 0.106763, 0.909771, 0.018471, -0.414699, -0.123898, 0.965556, -0.228802, 0.396188, 0.259537, 0.880724)
    }},
    {Time = 0.200, Data = {
      ["Head"] = CFrame.new(0.000000, -0.011474, 0.190249, 0.976664, 0.000012, -0.214771, 0.071240, 0.943366, 0.324014, 0.202612, -0.331753, 0.921352),
      ["LeftFoot"] = CFrame.new(-0.000000, -0.000000, 0.000000, 0.971215, 0.143598, 0.190055, -0.146228, 0.989251, -0.000187, -0.188038, -0.027610, 0.981773),
      ["LeftHand"] = CFrame.new(0.000000, -0.000000, -0.000000, 0.955641, -0.285281, 0.073248, 0.284571, 0.958443, 0.020174, -0.075959, 0.001565, 0.997110),
      ["LeftLowerArm"] = CFrame.new(-0.000000, -0.000000, 0.000004, 0.791782, -0.340209, 0.507286, 0.580628, 0.161405, -0.798010, 0.189612, 0.926394, 0.325332),
      ["LeftLowerLeg"] = CFrame.new(-0.000000, 0.000000, -0.000000, 0.997351, 0.053352, 0.049440, -0.070946, 0.863442, 0.499434, -0.016042, -0.501619, 0.864940),
      ["LeftUpperArm"] = CFrame.new(0.000000, -0.008737, 0.144880, 0.924768, -0.052658, 0.376870, 0.199629, 0.910289, -0.362660, -0.323964, 0.410611, 0.852318),
      ["LeftUpperLeg"] = CFrame.new(0.063436, -0.023521, -0.030379, 0.951783, -0.245695, 0.183695, 0.293321, 0.904231, -0.310370, -0.089846, 0.349286, 0.932699),
      ["LowerTorso"] = CFrame.new(0.539601, -0.009646, -0.005811, -0.965489, -0.074778, 0.249481, 0.002005, 0.955733, 0.294228, -0.260439, 0.284573, -0.922600),
      ["RightFoot"] = CFrame.new(-0.000000, -0.000000, 0.000000, 0.991726, -0.126477, -0.021974, 0.126264, 0.991938, -0.010822, 0.023165, 0.007958, 0.999700),
      ["RightHand"] = CFrame.new(0.000000, 0.000000, -0.000000, 0.896860, 0.121153, -0.425398, -0.122472, 0.992173, 0.024364, 0.425020, 0.030248, 0.904678),
      ["RightLowerArm"] = CFrame.new(0.000000, 0.000000, 0.000004, 0.620718, 0.156957, 0.768162, 0.783907, -0.106642, -0.611651, -0.014085, 0.981831, -0.189235),
      ["RightLowerLeg"] = CFrame.new(-0.000000, 0.000000, -0.000000, 0.997856, -0.044798, -0.047712, 0.057027, 0.952849, 0.298038, 0.032111, -0.300120, 0.953361),
      ["RightUpperArm"] = CFrame.new(0.000000, -0.008737, 0.144879, 0.923010, 0.027718, -0.383777, -0.178619, 0.914288, -0.363557, 0.340806, 0.404116, 0.848847),
      ["RightUpperLeg"] = CFrame.new(-0.063553, -0.024513, -0.032075, 0.976210, 0.172272, -0.131671, -0.212275, 0.883114, -0.418388, 0.044204, 0.436385, 0.898674),
      ["UpperTorso"] = CFrame.new(-0.000691, -0.011813, 0.106763, 0.909771, 0.018471, -0.414699, -0.123898, 0.965556, -0.228802, 0.396188, 0.259537, 0.880724)
    }},
    {Time = 0.233, Data = {
      ["Head"] = CFrame.new(0.000000, -0.011474, 0.190249, 0.976664, 0.000012, -0.214771, 0.071240, 0.943366, 0.324014, 0.202612, -0.331753, 0.921352),
      ["LeftFoot"] = CFrame.new(-0.000000, -0.000000, 0.000000, 0.971215, 0.143598, 0.190055, -0.146228, 0.989251, -0.000187, -0.188038, -0.027610, 0.981773),
      ["LeftHand"] = CFrame.new(0.000000, -0.000000, -0.000000, 0.955641, -0.285281, 0.073248, 0.284571, 0.958443, 0.020174, -0.075959, 0.001565, 0.997110),
      ["LeftLowerArm"] = CFrame.new(-0.000000, -0.000000, 0.000004, 0.791782, -0.340209, 0.507286, 0.580628, 0.161405, -0.798010, 0.189612, 0.926394, 0.325332),
      ["LeftLowerLeg"] = CFrame.new(-0.000000, 0.000000, -0.000000, 0.997351, 0.053352, 0.049440, -0.070946, 0.863442, 0.499434, -0.016042, -0.501619, 0.864940),
      ["LeftUpperArm"] = CFrame.new(0.000000, -0.008737, 0.144880, 0.924768, -0.052658, 0.376870, 0.199629, 0.910289, -0.362660, -0.323964, 0.410611, 0.852318),
      ["LeftUpperLeg"] = CFrame.new(0.063436, -0.023521, -0.030379, 0.951783, -0.245695, 0.183695, 0.293321, 0.904231, -0.310370, -0.089846, 0.349286, 0.932699),
      ["LowerTorso"] = CFrame.new(0.539601, -0.009646, -0.005811, -0.965489, -0.074778, 0.249481, 0.002005, 0.955733, 0.294228, -0.260439, 0.284573, -0.922600),
      ["RightFoot"] = CFrame.new(-0.000000, -0.000000, 0.000000, 0.991726, -0.126477, -0.021974, 0.126264, 0.991938, -0.010822, 0.023165, 0.007958, 0.999700),
      ["RightHand"] = CFrame.new(0.000000, 0.000000, -0.000000, 0.896860, 0.121153, -0.425398, -0.122472, 0.992173, 0.024364, 0.425020, 0.030248, 0.904678),
      ["RightLowerArm"] = CFrame.new(0.000000, 0.000000, 0.000004, 0.620718, 0.156957, 0.768162, 0.783907, -0.106642, -0.611651, -0.014085, 0.981831, -0.189235),
      ["RightLowerLeg"] = CFrame.new(-0.000000, 0.000000, -0.000000, 0.997856, -0.044798, -0.047712, 0.057027, 0.952849, 0.298038, 0.032111, -0.300120, 0.953361),
      ["RightUpperArm"] = CFrame.new(0.000000, -0.008737, 0.144879, 0.923010, 0.027718, -0.383777, -0.178619, 0.914288, -0.363557, 0.340806, 0.404116, 0.848847),
      ["RightUpperLeg"] = CFrame.new(-0.063553, -0.024513, -0.032075, 0.976210, 0.172272, -0.131671, -0.212275, 0.883114, -0.418388, 0.044204, 0.436385, 0.898674),
      ["UpperTorso"] = CFrame.new(-0.000691, -0.011813, 0.106763, 0.909771, 0.018471, -0.414699, -0.123898, 0.965556, -0.228802, 0.396188, 0.259537, 0.880724)
    }},
    {Time = 0.267, Data = {
      ["Head"] = CFrame.new(0.000000, -0.011474, 0.190249, 0.976664, 0.000012, -0.214771, 0.071240, 0.943366, 0.324014, 0.202612, -0.331753, 0.921352),
      ["LeftFoot"] = CFrame.new(-0.000000, -0.000000, 0.000000, 0.971215, 0.143598, 0.190055, -0.146228, 0.989251, -0.000187, -0.188038, -0.027610, 0.981773),
      ["LeftHand"] = CFrame.new(0.000000, -0.000000, -0.000000, 0.955641, -0.285281, 0.073248, 0.284571, 0.958443, 0.020174, -0.075959, 0.001565, 0.997110),
      ["LeftLowerArm"] = CFrame.new(-0.000000, -0.000000, 0.000004, 0.791782, -0.340209, 0.507286, 0.580628, 0.161405, -0.798010, 0.189612, 0.926394, 0.325332),
      ["LeftLowerLeg"] = CFrame.new(-0.000000, 0.000000, -0.000000, 0.997351, 0.053352, 0.049440, -0.070946, 0.863442, 0.499434, -0.016042, -0.501619, 0.864940),
      ["LeftUpperArm"] = CFrame.new(0.000000, -0.008737, 0.144880, 0.924768, -0.052658, 0.376870, 0.199629, 0.910289, -0.362660, -0.323964, 0.410611, 0.852318),
      ["LeftUpperLeg"] = CFrame.new(0.063436, -0.023521, -0.030379, 0.951783, -0.245695, 0.183695, 0.293321, 0.904231, -0.310370, -0.089846, 0.349286, 0.932699),
      ["LowerTorso"] = CFrame.new(0.539601, -0.009646, -0.005811, -0.965489, -0.074778, 0.249481, 0.002005, 0.955733, 0.294228, -0.260439, 0.284573, -0.922600),
      ["RightFoot"] = CFrame.new(-0.000000, -0.000000, 0.000000, 0.991726, -0.126477, -0.021974, 0.126264, 0.991938, -0.010822, 0.023165, 0.007958, 0.999700),
      ["RightHand"] = CFrame.new(0.000000, 0.000000, -0.000000, 0.896860, 0.121153, -0.425398, -0.122472, 0.992173, 0.024364, 0.425020, 0.030248, 0.904678),
      ["RightLowerArm"] = CFrame.new(0.000000, 0.000000, 0.000004, 0.620718, 0.156957, 0.768162, 0.783907, -0.106642, -0.611651, -0.014085, 0.981831, -0.189235),
      ["RightLowerLeg"] = CFrame.new(-0.000000, 0.000000, -0.000000, 0.997856, -0.044798, -0.047712, 0.057027, 0.952849, 0.298038, 0.032111, -0.300120, 0.953361),
      ["RightUpperArm"] = CFrame.new(0.000000, -0.008737, 0.144879, 0.923010, 0.027718, -0.383777, -0.178619, 0.914288, -0.363557, 0.340806, 0.404116, 0.848847),
      ["RightUpperLeg"] = CFrame.new(-0.063553, -0.024513, -0.032075, 0.976210, 0.172272, -0.131671, -0.212275, 0.883114, -0.418388, 0.044204, 0.436385, 0.898674),
      ["UpperTorso"] = CFrame.new(-0.000691, -0.011813, 0.106763, 0.909771, 0.018471, -0.414699, -0.123898, 0.965556, -0.228802, 0.396188, 0.259537, 0.880724)
    }},
    {Time = 0.300, Data = {
      ["Head"] = CFrame.new(0.000000, -0.011474, 0.190249, 0.976664, 0.000012, -0.214771, 0.071240, 0.943366, 0.324014, 0.202612, -0.331753, 0.921352),
      ["LeftFoot"] = CFrame.new(-0.000000, -0.000000, 0.000000, 0.971215, 0.143598, 0.190055, -0.146228, 0.989251, -0.000187, -0.188038, -0.027610, 0.981773),
      ["LeftHand"] = CFrame.new(0.000000, -0.000000, -0.000000, 0.955641, -0.285281, 0.073248, 0.284571, 0.958443, 0.020174, -0.075959, 0.001565, 0.997110),
      ["LeftLowerArm"] = CFrame.new(-0.000000, -0.000000, 0.000004, 0.791782, -0.340209, 0.507286, 0.580628, 0.161405, -0.798010, 0.189612, 0.926394, 0.325332),
      ["LeftLowerLeg"] = CFrame.new(-0.000000, 0.000000, -0.000000, 0.997351, 0.053352, 0.049440, -0.070946, 0.863442, 0.499434, -0.016042, -0.501619, 0.864940),
      ["LeftUpperArm"] = CFrame.new(0.000000, -0.008737, 0.144880, 0.924768, -0.052658, 0.376870, 0.199629, 0.910289, -0.362660, -0.323964, 0.410611, 0.852318),
      ["LeftUpperLeg"] = CFrame.new(0.063436, -0.023521, -0.030379, 0.951783, -0.245695, 0.183695, 0.293321, 0.904231, -0.310370, -0.089846, 0.349286, 0.932699),
      ["LowerTorso"] = CFrame.new(0.539601, -0.009646, -0.005811, -0.965489, -0.074778, 0.249481, 0.002005, 0.955733, 0.294228, -0.260439, 0.284573, -0.922600),
      ["RightFoot"] = CFrame.new(-0.000000, -0.000000, 0.000000, 0.991726, -0.126477, -0.021974, 0.126264, 0.991938, -0.010822, 0.023165, 0.007958, 0.999700),
      ["RightHand"] = CFrame.new(0.000000, 0.000000, -0.000000, 0.896860, 0.121153, -0.425398, -0.122472, 0.992173, 0.024364, 0.425020, 0.030248, 0.904678),
      ["RightLowerArm"] = CFrame.new(0.000000, 0.000000, 0.000004, 0.620718, 0.156957, 0.768162, 0.783907, -0.106642, -0.611651, -0.014085, 0.981831, -0.189235),
      ["RightLowerLeg"] = CFrame.new(-0.000000, 0.000000, -0.000000, 0.997856, -0.044798, -0.047712, 0.057027, 0.952849, 0.298038, 0.032111, -0.300120, 0.953361),
      ["RightUpperArm"] = CFrame.new(0.000000, -0.008737, 0.144879, 0.923010, 0.027718, -0.383777, -0.178619, 0.914288, -0.363557, 0.340806, 0.404116, 0.848847),
      ["RightUpperLeg"] = CFrame.new(-0.063553, -0.024513, -0.032075, 0.976210, 0.172272, -0.131671, -0.212275, 0.883114, -0.418388, 0.044204, 0.436385, 0.898674),
      ["UpperTorso"] = CFrame.new(-0.000691, -0.011813, 0.106763, 0.909771, 0.018471, -0.414699, -0.123898, 0.965556, -0.228802, 0.396188, 0.259537, 0.880724)
    }},
    {Time = 0.333, Data = {
      ["Head"] = CFrame.new(0.000000, -0.011474, 0.190249, 0.976664, 0.000012, -0.214771, 0.071240, 0.943366, 0.324014, 0.202612, -0.331753, 0.921352),
      ["LeftFoot"] = CFrame.new(-0.000000, -0.000000, 0.000000, 0.971215, 0.143598, 0.190055, -0.146228, 0.989251, -0.000187, -0.188038, -0.027610, 0.981773),
      ["LeftHand"] = CFrame.new(0.000000, -0.000000, -0.000000, 0.955641, -0.285281, 0.073248, 0.284571, 0.958443, 0.020174, -0.075959, 0.001565, 0.997110),
      ["LeftLowerArm"] = CFrame.new(-0.000000, -0.000000, 0.000004, 0.791782, -0.340209, 0.507286, 0.580628, 0.161405, -0.798010, 0.189612, 0.926394, 0.325332),
      ["LeftLowerLeg"] = CFrame.new(-0.000000, 0.000000, -0.000000, 0.997351, 0.053352, 0.049440, -0.070946, 0.863442, 0.499434, -0.016042, -0.501619, 0.864940),
      ["LeftUpperArm"] = CFrame.new(0.000000, -0.008737, 0.144880, 0.924768, -0.052658, 0.376870, 0.199629, 0.910289, -0.362660, -0.323964, 0.410611, 0.852318),
      ["LeftUpperLeg"] = CFrame.new(0.063436, -0.023521, -0.030379, 0.951783, -0.245695, 0.183695, 0.293321, 0.904231, -0.310370, -0.089846, 0.349286, 0.932699),
      ["LowerTorso"] = CFrame.new(0.539601, -0.009646, -0.005811, -0.965489, -0.074778, 0.249481, 0.002005, 0.955733, 0.294228, -0.260439, 0.284573, -0.922600),
      ["RightFoot"] = CFrame.new(-0.000000, -0.000000, 0.000000, 0.991726, -0.126477, -0.021974, 0.126264, 0.991938, -0.010822, 0.023165, 0.007958, 0.999700),
      ["RightHand"] = CFrame.new(0.000000, 0.000000, -0.000000, 0.896860, 0.121153, -0.425398, -0.122472, 0.992173, 0.024364, 0.425020, 0.030248, 0.904678),
      ["RightLowerArm"] = CFrame.new(0.000000, 0.000000, 0.000004, 0.620718, 0.156957, 0.768162, 0.783907, -0.106642, -0.611651, -0.014085, 0.981831, -0.189235),
      ["RightLowerLeg"] = CFrame.new(-0.000000, 0.000000, -0.000000, 0.997856, -0.044798, -0.047712, 0.057027, 0.952849, 0.298038, 0.032111, -0.300120, 0.953361),
      ["RightUpperArm"] = CFrame.new(0.000000, -0.008737, 0.144879, 0.923010, 0.027718, -0.383777, -0.178619, 0.914288, -0.363557, 0.340806, 0.404116, 0.848847),
      ["RightUpperLeg"] = CFrame.new(-0.063553, -0.024513, -0.032075, 0.976210, 0.172272, -0.131671, -0.212275, 0.883114, -0.418388, 0.044204, 0.436385, 0.898674),
      ["UpperTorso"] = CFrame.new(-0.000691, -0.011813, 0.106763, 0.909771, 0.018471, -0.414699, -0.123898, 0.965556, -0.228802, 0.396188, 0.259537, 0.880724)
    }},
    {Time = 0.367, Data = {
      ["Head"] = CFrame.new(0.000000, -0.011473, 0.190249, 0.981409, -0.010781, -0.191623, 0.062412, 0.962084, 0.265518, 0.181495, -0.272541, 0.944871),
      ["LeftFoot"] = CFrame.new(-0.000000, -0.000000, 0.000000, 0.961983, 0.147546, 0.229822, -0.152024, 0.988375, 0.001801, -0.226885, -0.036671, 0.973231),
      ["LeftHand"] = CFrame.new(-0.000000, -0.000000, 0.000000, 0.945722, -0.294997, 0.136335, 0.295720, 0.955151, 0.015382, -0.134758, 0.025770, 0.990543),
      ["LeftLowerArm"] = CFrame.new(-0.000000, -0.000000, 0.000004, 0.807494, -0.407834, 0.426174, 0.516833, 0.140927, -0.844407, 0.284318, 0.902115, 0.324580),
      ["LeftLowerLeg"] = CFrame.new(-0.000000, 0.000000, -0.000000, 0.997364, 0.053180, 0.049356, -0.070604, 0.868036, 0.491456, -0.016707, -0.493646, 0.869503),
      ["LeftUpperArm"] = CFrame.new(0.000000, -0.008737, 0.144880, 0.944953, -0.023725, 0.326346, 0.173872, 0.881310, -0.439387, -0.277187, 0.471942, 0.836922),
      ["LeftUpperLeg"] = CFrame.new(0.063436, -0.023521, -0.030379, 0.948812, -0.253160, 0.188854, 0.304321, 0.892794, -0.332127, -0.084526, 0.372598, 0.924135),
      ["LowerTorso"] = CFrame.new(0.544461, -0.009614, -0.021169, -0.940852, -0.105969, 0.321820, -0.001198, 0.950866, 0.309600, -0.338816, 0.290902, -0.894751),
      ["RightFoot"] = CFrame.new(-0.000000, -0.000000, 0.000000, 0.991087, -0.128555, -0.034930, 0.128627, 0.991693, -0.000180, 0.034663, -0.004314, 0.999390),
      ["RightHand"] = CFrame.new(-0.000000, -0.000000, 0.000000, 0.902258, 0.157705, -0.401322, -0.149897, 0.987385, 0.051007, 0.404303, 0.014135, 0.914516),
      ["RightLowerArm"] = CFrame.new(0.000000, -0.000000, 0.000004, 0.689432, 0.141885, 0.710318, 0.721901, -0.054013, -0.689885, -0.059518, 0.988408, -0.139665),
      ["RightLowerLeg"] = CFrame.new(0.000000, -0.000000, -0.000000, 0.997852, -0.044883, -0.047725, 0.057113, 0.952845, 0.298036, 0.032098, -0.300121, 0.953361),
      ["RightUpperArm"] = CFrame.new(0.000000, -0.008737, 0.144879, 0.979105, -0.026781, -0.201585, -0.066879, 0.893742, -0.443567, 0.192044, 0.447781, 0.873276),
      ["RightUpperLeg"] = CFrame.new(-0.063553, -0.024513, -0.032075, 0.974351, 0.178784, -0.136659, -0.221498, 0.869154, -0.442166, 0.039725, 0.461095, 0.886461),
      ["UpperTorso"] = CFrame.new(0.000006, -0.010741, 0.103378, 0.891035, 0.001182, -0.453934, -0.130067, 0.958732, -0.252815, 0.434902, 0.284308, 0.854417)
    }},
    {Time = 0.400, Data = {
      ["Head"] = CFrame.new(-0.000000, -0.011474, 0.190249, 0.985753, -0.020094, -0.166992, 0.054663, 0.977216, 0.205088, 0.159066, -0.211295, 0.964392),
      ["LeftFoot"] = CFrame.new(-0.000000, -0.000000, 0.000000, 0.950972, 0.150999, 0.269909, -0.158117, 0.987409, 0.004692, -0.265802, -0.047139, 0.962875),
      ["LeftHand"] = CFrame.new(-0.000000, 0.000000, 0.000000, 0.931576, -0.303993, 0.199383, 0.307958, 0.951329, 0.011587, -0.193202, 0.050608, 0.979853),
      ["LeftLowerArm"] = CFrame.new(-0.000000, -0.000000, 0.000004, 0.810608, -0.473427, 0.344646, 0.450112, 0.127256, -0.883858, 0.374584, 0.871592, 0.316250),
      ["LeftLowerLeg"] = CFrame.new(0.000000, 0.000000, -0.000000, 0.997340, 0.053587, 0.049410, -0.071091, 0.864815, 0.497033, -0.016096, -0.499223, 0.866324),
      ["LeftUpperArm"] = CFrame.new(0.000000, -0.008738, 0.144880, 0.962715, 0.002364, 0.270508, 0.142649, 0.845200, -0.515061, -0.229851, 0.534444, 0.813350),
      ["LeftUpperLeg"] = CFrame.new(0.063436, -0.023521, -0.030379, 0.947006, -0.255978, 0.194048, 0.311607, 0.878752, -0.361519, -0.077979, 0.402827, 0.911948),
      ["LowerTorso"] = CFrame.new(0.547861, -0.009816, -0.037469, -0.909665, -0.137628, 0.391878, -0.002980, 0.945643, 0.325194, -0.415333, 0.294649, -0.860628),
      ["RightFoot"] = CFrame.new(0.000000, -0.000000, 0.000000, 0.990324, -0.130379, -0.047530, 0.131053, 0.991311, 0.011321, 0.045641, -0.017440, 0.998806),
      ["RightHand"] = CFrame.new(0.000000, -0.000000, 0.000000, 0.907516, 0.185261, -0.376952, -0.170938, 0.982689, 0.071427, 0.383659, -0.000386, 0.923475),
      ["RightLowerArm"] = CFrame.new(0.000000, -0.000000, 0.000004, 0.761186, 0.129774, 0.635417, 0.640048, 0.007649, -0.768297, -0.104565, 0.991514, -0.077239),
      ["RightLowerLeg"] = CFrame.new(0.000000, -0.000000, -0.000000, 0.997847, -0.044968, -0.047738, 0.057198, 0.952840, 0.298034, 0.032085, -0.300123, 0.953361),
      ["RightUpperArm"] = CFrame.new(0.000000, -0.008738, 0.144880, 0.996903, -0.078523, -0.004280, 0.066016, 0.865210, -0.497045, 0.042733, 0.495223, 0.867714),
      ["RightUpperLeg"] = CFrame.new(-0.063553, -0.024513, -0.032075, 0.971352, 0.189042, -0.144011, -0.235010, 0.854138, -0.463917, 0.035306, 0.484471, 0.874095),
      ["UpperTorso"] = CFrame.new(0.000411, -0.009594, 0.099950, 0.869835, -0.014609, -0.493126, -0.140693, 0.950707, -0.276336, 0.472855, 0.309746, 0.824903)
    }},
    {Time = 0.433, Data = {
      ["Head"] = CFrame.new(0.000000, -0.011474, 0.190249, 0.989618, -0.027693, -0.141030, 0.048040, 0.988559, 0.142983, 0.135457, -0.148273, 0.979626),
      ["LeftFoot"] = CFrame.new(-0.000000, -0.000000, 0.000000, 0.938281, 0.153992, 0.309703, -0.164465, 0.986352, 0.007826, -0.304271, -0.058278, 0.950801),
      ["LeftHand"] = CFrame.new(-0.000000, -0.000000, -0.000000, 0.913277, -0.312176, 0.261668, 0.321284, 0.946946, 0.008378, -0.250401, 0.076418, 0.965121),
      ["LeftLowerArm"] = CFrame.new(0.000000, 0.000000, 0.000004, 0.801378, -0.536252, 0.265005, 0.383398, 0.120432, -0.915698, 0.459130, 0.835422, 0.302110),
      ["LeftLowerLeg"] = CFrame.new(0.000000, 0.000000, -0.000000, 0.997282, 0.054471, 0.049623, -0.072232, 0.855772, 0.512286, -0.014561, -0.514478, 0.857380),
      ["LeftUpperArm"] = CFrame.new(0.000000, -0.008738, 0.144880, 0.977379, 0.025238, 0.209982, 0.105696, 0.801687, -0.588326, -0.183188, 0.597212, 0.780884),
      ["LeftUpperLeg"] = CFrame.new(0.063436, -0.023521, -0.030379, 0.946366, -0.254721, 0.198766, 0.315167, 0.863235, -0.394329, -0.071138, 0.435824, 0.897216),
      ["LowerTorso"] = CFrame.new(0.549396, -0.010317, -0.051531, -0.872223, -0.169567, 0.458775, -0.003521, 0.940134, 0.340786, -0.489097, 0.295626, -0.820603),
      ["RightFoot"] = CFrame.new(0.000000, -0.000000, 0.000000, 0.989485, -0.131947, -0.059241, 0.133377, 0.990846, 0.020866, 0.055945, -0.028548, 0.998026),
      ["RightHand"] = CFrame.new(0.000000, -0.000000, -0.000000, 0.912408, 0.204147, -0.354734, -0.186044, 0.978874, 0.084811, 0.364554, -0.011386, 0.931113),
      ["RightLowerArm"] = CFrame.new(0.000000, -0.000000, 0.000004, 0.829364, 0.125204, 0.544499, 0.539367, 0.074784, -0.838743, -0.145734, 0.989309, -0.005508),
      ["RightLowerLeg"] = CFrame.new(0.000000, -0.000000, -0.000000, 0.997843, -0.045051, -0.047753, 0.057285, 0.952809, 0.298115, 0.032069, -0.300207, 0.953335),
      ["RightUpperArm"] = CFrame.new(0.000000, -0.008738, 0.144879, 0.972633, -0.125880, 0.195295, 0.211301, 0.828780, -0.518146, -0.096632, 0.545232, 0.832697),
      ["RightUpperLeg"] = CFrame.new(-0.063553, -0.024513, -0.032075, 0.967262, 0.202358, -0.153153, -0.251873, 0.839319, -0.481771, 0.031053, 0.504574, 0.862810),
      ["UpperTorso"] = CFrame.new(0.000516, -0.008380, 0.096516, 0.846465, -0.028562, -0.531678, -0.155806, 0.941563, -0.298635, 0.509138, 0.335623, 0.792550)
    }},
    {Time = 0.467, Data = {
      ["Head"] = CFrame.new(0.000000, -0.011474, 0.190249, 0.992917, -0.033427, -0.114008, 0.042682, 0.995903, 0.079727, 0.110875, -0.084028, 0.990276),
      ["LeftFoot"] = CFrame.new(-0.000000, 0.000000, 0.000000, 0.924030, 0.156389, 0.348872, -0.171195, 0.985166, 0.011809, -0.341850, -0.070637, 0.937096),
      ["LeftHand"] = CFrame.new(-0.000000, 0.000000, -0.000000, 0.891103, -0.319264, 0.322499, 0.335576, 0.941998, 0.005313, -0.305489, 0.103488, 0.946555),
      ["LeftLowerArm"] = CFrame.new(0.000000, -0.000000, 0.000005, 0.780604, -0.595578, 0.189589, 0.319649, 0.119744, -0.939939, 0.537105, 0.794322, 0.283848),
      ["LeftLowerLeg"] = CFrame.new(-0.000000, 0.000000, -0.000000, 0.997218, 0.055356, 0.049914, -0.073439, 0.844189, 0.530991, -0.012743, -0.533180, 0.845906),
      ["LeftUpperArm"] = CFrame.new(0.000000, -0.008738, 0.144880, 0.988382, 0.044275, 0.145399, 0.063111, 0.750711, -0.657609, -0.138269, 0.659145, 0.739195),
      ["LeftUpperLeg"] = CFrame.new(0.063436, -0.023521, -0.030379, 0.946511, -0.251260, 0.202448, 0.316196, 0.847308, -0.426719, -0.064318, 0.467907, 0.881434),
      ["LowerTorso"] = CFrame.new(0.550001, -0.010938, -0.062045, -0.828865, -0.201324, 0.521969, -0.002618, 0.934391, 0.356239, -0.559443, 0.293907, -0.775011),
      ["RightFoot"] = CFrame.new(0.000000, -0.000000, 0.000000, 0.988620, -0.133258, -0.069811, 0.135437, 0.990406, 0.027445, 0.065484, -0.036587, 0.997183),
      ["RightHand"] = CFrame.new(-0.000000, -0.000000, -0.000000, 0.916459, 0.215926, -0.336866, -0.196608, 0.976261, 0.090886, 0.348494, -0.017062, 0.937156),
      ["RightLowerArm"] = CFrame.new(0.000000, 0.000000, 0.000004, 0.887155, 0.132317, 0.442095, 0.424311, 0.142752, -0.894194, -0.181427, 0.980874, 0.070500),
      ["RightLowerLeg"] = CFrame.new(0.000000, 0.000000, -0.000000, 0.997838, -0.045136, -0.047766, 0.057370, 0.952805, 0.298113, 0.032056, -0.300209, 0.953335),
      ["RightUpperArm"] = CFrame.new(0.000000, -0.008738, 0.144879, 0.907866, -0.167519, 0.384340, 0.358628, 0.785140, -0.504917, -0.217178, 0.596232, 0.772879),
      ["RightUpperLeg"] = CFrame.new(-0.063554, -0.024513, -0.032075, 0.962359, 0.217439, -0.163049, -0.270449, 0.825477, -0.495424, 0.026869, 0.520872, 0.853212),
      ["UpperTorso"] = CFrame.new(0.000320, -0.007115, 0.093111, 0.821385, -0.040673, -0.568922, -0.174919, 0.931429, -0.319129, 0.542891, 0.361643, 0.757947)
    }},
    {Time = 0.500, Data = {
      ["Head"] = CFrame.new(-0.000000, -0.011474, 0.190249, 0.995604, -0.037022, -0.086035, 0.038510, 0.999135, 0.015709, 0.085378, -0.018953, 0.996168),
      ["LeftFoot"] = CFrame.new(-0.000000, -0.000000, 0.000000, 0.908160, 0.157955, 0.387680, -0.178517, 0.983784, 0.017355, -0.378652, -0.084969, 0.921631),
      ["LeftHand"] = CFrame.new(0.000000, -0.000000, -0.000000, 0.865548, -0.324757, 0.381260, 0.350627, 0.936514, 0.001717, -0.357613, 0.132194, 0.924466),
      ["LeftLowerArm"] = CFrame.new(-0.000000, 0.000000, 0.000004, 0.749419, -0.651126, 0.120024, 0.261433, 0.124462, -0.957163, 0.608295, 0.748695, 0.263500),
      ["LeftLowerLeg"] = CFrame.new(-0.000000, 0.000000, -0.000000, 0.997162, 0.056171, 0.050129, -0.074447, 0.834840, 0.545436, -0.011212, -0.547620, 0.836652),
      ["LeftUpperArm"] = CFrame.new(-0.000000, -0.008737, 0.144880, 0.995249, 0.058943, 0.077494, 0.015169, 0.692339, -0.721413, -0.096174, 0.719161, 0.688155),
      ["LeftUpperLeg"] = CFrame.new(0.063437, -0.023521, -0.030379, 0.946906, -0.247543, 0.205160, 0.316258, 0.832012, -0.455782, -0.057870, 0.496467, 0.866125),
      ["LowerTorso"] = CFrame.new(0.552313, -0.011179, -0.069270, -0.780164, -0.232626, 0.580715, -0.000411, 0.928480, 0.371383, -0.625575, 0.289501, -0.724462),
      ["RightFoot"] = CFrame.new(0.000000, -0.000000, 0.000000, 0.987745, -0.134342, -0.079450, 0.137207, 0.990034, 0.031742, 0.074394, -0.042254, 0.996333),
      ["RightHand"] = CFrame.new(0.000000, -0.000000, -0.000000, 0.919251, 0.223088, -0.324361, -0.204626, 0.974654, 0.090428, 0.336313, -0.016754, 0.941601),
      ["RightLowerArm"] = CFrame.new(-0.000000, -0.000000, 0.000004, 0.929592, 0.153144, 0.335269, 0.301769, 0.206083, -0.930841, -0.211646, 0.966476, 0.145359),
      ["RightLowerLeg"] = CFrame.new(-0.000000, 0.000000, -0.000000, 0.997838, -0.045134, -0.047768, 0.057371, 0.952779, 0.298196, 0.032053, -0.300292, 0.953309),
      ["RightUpperArm"] = CFrame.new(0.000000, -0.008738, 0.144879, 0.808761, -0.202248, 0.552269, 0.497845, 0.735372, -0.459759, -0.313137, 0.646780, 0.695429),
      ["RightUpperLeg"] = CFrame.new(-0.063553, -0.024514, -0.032075, 0.957190, 0.232337, -0.172648, -0.288573, 0.812613, -0.506346, 0.022653, 0.534491, 0.844871),
      ["UpperTorso"] = CFrame.new(-0.000171, -0.005812, 0.089772, 0.795141, -0.050534, -0.604316, -0.197618, 0.920533, -0.336996, 0.573322, 0.387383, 0.721967)
    }},
    {Time = 0.533, Data = {
      ["Head"] = CFrame.new(0.000000, -0.011473, 0.190249, 0.996009, -0.033241, -0.082827, 0.034710, 0.999264, 0.016359, 0.082222, -0.019169, 0.996430),
      ["LeftFoot"] = CFrame.new(-0.000000, -0.000000, 0.000000, 0.913953, 0.152639, 0.376020, -0.183660, 0.981825, 0.047849, -0.361882, -0.112792, 0.925375),
      ["LeftHand"] = CFrame.new(0.000000, -0.000000, -0.000000, 0.864774, -0.325648, 0.382256, 0.350788, 0.936446, 0.004183, -0.359324, 0.130473, 0.924047),
      ["LeftLowerArm"] = CFrame.new(0.000000, -0.000000, 0.000004, 0.750382, -0.650842, 0.115462, 0.248223, 0.115562, -0.961785, 0.612627, 0.750367, 0.248270),
