return {
  ["eating 2"] = {
    {Time = 0.000, Data = {
      ["LeftLowerArm"] = CFrame.new(0.000008, -0.000004, 0.000000, 1.000000, 0.000000, 0.000000, 0.000000, 0.707134, -0.707079, 0.000000, 0.707079, 0.707134),
      ["LeftLowerLeg"] = CFrame.new(0.000000, 0.000000, 0.000000, 1.000000, 0.000000, -0.000000, 0.000000, 0.000000, 1.000000, 0.000000, -1.000000, 0.000000),
      ["LeftUpperArm"] = CFrame.new(0.000000, -0.000001, 0.000000, 1.000000, 0.000000, 0.000000, 0.000000, 0.707134, -0.707079, 0.000000, 0.707079, 0.707134),
      ["LowerTorso"] = CFrame.new(0.000000, -1.000000, 0.000000, 1.000000, 0.000000, 0.000000, 0.000000, 1.000000, 0.000000, 0.000000, 0.000000, 1.000000),
      ["RightLowerArm"] = CFrame.new(0.000000, 0.000015, 0.000000, 1.000000, -0.000665, 0.000649, 0.000930, 0.707134, -0.707079, 0.000011, 0.707079, 0.707134),
      ["RightLowerLeg"] = CFrame.new(0.000000, -0.000000, -0.000000, 1.000000, -0.000000, 0.000000, 0.000000, -0.000000, 1.000000, -0.000000, -1.000000, -0.000000),
      ["RightUpperArm"] = CFrame.new(0.000023, -0.000001, 0.000000, 1.000000, 0.000000, 0.000000, 0.000000, 0.707134, -0.707079, 0.000000, 0.707079, 0.707134),
      ["UpperTorso"] = CFrame.new(0.000000, -0.000000, -0.000000, 1.000000, 0.000000, 0.000000, 0.000000, 1.000000, 0.000000, 0.000000, 0.000000, 1.000000)
    }},
    {Time = 0.300, Data = {
      ["Head"] = CFrame.new(0.000000, 0.000000, 0.000000, 0.894354, 0.000000, 0.447360, 0.000000, 1.000000, 0.000000, -0.447360, 0.000000, 0.894354),
      ["LeftLowerArm"] = CFrame.new(0.000008, -0.000004, 0.000000, 1.000000, 0.000000, 0.000000, 0.000000, 0.707134, -0.707079, 0.000000, 0.707079, 0.707134),
      ["LeftLowerLeg"] = CFrame.new(0.000000, 0.000000, 0.000000, 1.000000, 0.000000, -0.000000, 0.000000, 0.000000, 1.000000, 0.000000, -1.000000, 0.000000),
      ["LeftUpperArm"] = CFrame.new(0.000000, -0.000001, 0.000000, 1.000000, 0.000000, 0.000000, 0.000000, 0.707134, -0.707079, 0.000000, 0.707079, 0.707134),
      ["LowerTorso"] = CFrame.new(0.000000, -1.000000, 0.000000, 1.000000, 0.000000, 0.000000, 0.000000, 1.000000, 0.000000, 0.000000, 0.000000, 1.000000),
      ["RightLowerArm"] = CFrame.new(0.000000, 0.000015, 0.000000, 1.000000, -0.000665, 0.000649, 0.000930, 0.707134, -0.707079, 0.000011, 0.707079, 0.707134),
      ["RightLowerLeg"] = CFrame.new(0.000000, -0.000000, -0.000000, 1.000000, -0.000000, 0.000000, 0.000000, -0.000000, 1.000000, -0.000000, -1.000000, -0.000000),
      ["RightUpperArm"] = CFrame.new(0.000023, -0.000001, 0.000000, 1.000000, 0.000000, 0.000000, 0.000000, 0.707134, -0.707079, 0.000000, 0.707079, 0.707134),
      ["UpperTorso"] = CFrame.new(0.000000, -0.000000, -0.000000, 1.000000, 0.000000, 0.000000, 0.000000, 1.000000, 0.000000, 0.000000, 0.000000, 1.000000)
    }},
    {Time = 0.567, Data = {
      ["Head"] = CFrame.new(0.000000, -0.000000, 0.000001, 0.964155, 0.011828, 0.265077, 0.000026, 0.999002, -0.044671, -0.265341, 0.043076, 0.963192),
      ["LeftLowerArm"] = CFrame.new(0.000008, -0.000004, 0.000000, 1.000000, 0.000000, 0.000000, 0.000000, 0.707134, -0.707079, 0.000000, 0.707079, 0.707134),
      ["LeftLowerLeg"] = CFrame.new(0.000000, 0.000000, 0.000000, 1.000000, 0.000000, -0.000000, 0.000000, 0.000000, 1.000000, 0.000000, -1.000000, 0.000000),
      ["LeftUpperArm"] = CFrame.new(0.000000, -0.000001, 0.000000, 1.000000, 0.000000, 0.000000, 0.000000, 0.707134, -0.707079, 0.000000, 0.707079, 0.707134),
      ["LowerTorso"] = CFrame.new(0.000000, -1.000000, 0.000000, 1.000000, 0.000000, 0.000000, 0.000000, 1.000000, 0.000000, 0.000000, 0.000000, 1.000000),
      ["RightLowerArm"] = CFrame.new(0.000000, 0.000015, 0.000000, 1.000000, -0.000665, 0.000649, 0.000930, 0.707134, -0.707079, 0.000011, 0.707079, 0.707134),
      ["RightLowerLeg"] = CFrame.new(0.000000, -0.000000, -0.000000, 1.000000, -0.000000, 0.000000, 0.000000, -0.000000, 1.000000, -0.000000, -1.000000, -0.000000),
      ["RightUpperArm"] = CFrame.new(0.000023, -0.000001, 0.000000, 1.000000, 0.000000, 0.000000, 0.000000, 0.707134, -0.707079, 0.000000, 0.707079, 0.707134),
      ["UpperTorso"] = CFrame.new(0.000000, -0.000000, -0.000000, 1.000000, 0.000000, 0.000000, 0.000000, 1.000000, 0.000000, 0.000000, 0.000000, 1.000000)
    }},
    {Time = 0.733, Data = {
      ["Head"] = CFrame.new(0.000015, -0.000001, 0.000000, 0.981090, 0.023019, -0.192179, -0.011331, 0.998031, 0.061698, 0.193221, -0.058353, 0.979418),
      ["LeftLowerArm"] = CFrame.new(0.000008, -0.000004, 0.000000, 1.000000, 0.000000, 0.000000, 0.000000, 0.707134, -0.707079, 0.000000, 0.707079, 0.707134),
      ["LeftLowerLeg"] = CFrame.new(0.000000, 0.000000, 0.000000, 1.000000, 0.000000, -0.000000, 0.000000, 0.000000, 1.000000, 0.000000, -1.000000, 0.000000),
      ["LeftUpperArm"] = CFrame.new(0.000000, -0.000001, 0.000000, 1.000000, 0.000000, 0.000000, 0.000000, 0.707134, -0.707079, 0.000000, 0.707079, 0.707134),
      ["LowerTorso"] = CFrame.new(0.000000, -1.000000, 0.000000, 1.000000, 0.000000, 0.000000, 0.000000, 1.000000, 0.000000, 0.000000, 0.000000, 1.000000),
      ["RightLowerArm"] = CFrame.new(0.000000, 0.000015, 0.000000, 1.000000, -0.000665, 0.000649, 0.000930, 0.707134, -0.707079, 0.000011, 0.707079, 0.707134),
      ["RightLowerLeg"] = CFrame.new(0.000000, -0.000000, -0.000000, 1.000000, -0.000000, 0.000000, 0.000000, -0.000000, 1.000000, -0.000000, -1.000000, -0.000000),
      ["RightUpperArm"] = CFrame.new(0.000023, -0.000001, 0.000000, 1.000000, 0.000000, 0.000000, 0.000000, 0.707134, -0.707079, 0.000000, 0.707079, 0.707134),
      ["UpperTorso"] = CFrame.new(0.000000, -0.000000, -0.000000, 1.000000, 0.000000, 0.000000, 0.000000, 1.000000, 0.000000, 0.000000, 0.000000, 1.000000)
    }},
    {Time = 0.933, Data = {
      ["Head"] = CFrame.new(0.000008, -0.000001, 0.000003, 0.950734, 0.016384, 0.309576, -0.078605, 0.978709, 0.189605, -0.299878, -0.204598, 0.931779),
      ["LeftLowerArm"] = CFrame.new(0.000008, -0.000004, 0.000000, 1.000000, 0.000000, 0.000000, 0.000000, 0.707134, -0.707079, 0.000000, 0.707079, 0.707134),
      ["LeftLowerLeg"] = CFrame.new(0.000000, 0.000000, 0.000000, 1.000000, 0.000000, -0.000000, 0.000000, 0.000000, 1.000000, 0.000000, -1.000000, 0.000000),
      ["LeftUpperArm"] = CFrame.new(0.000000, -0.000001, 0.000000, 1.000000, 0.000000, 0.000000, 0.000000, 0.707134, -0.707079, 0.000000, 0.707079, 0.707134),
      ["LowerTorso"] = CFrame.new(0.000000, -1.000000, 0.000000, 1.000000, 0.000000, 0.000000, 0.000000, 1.000000, 0.000000, 0.000000, 0.000000, 1.000000),
      ["RightLowerArm"] = CFrame.new(0.000000, 0.000015, 0.000000, 1.000000, -0.000665, 0.000649, 0.000930, 0.707134, -0.707079, 0.000011, 0.707079, 0.707134),
      ["RightLowerLeg"] = CFrame.new(0.000000, -0.000000, -0.000000, 1.000000, -0.000000, 0.000000, 0.000000, -0.000000, 1.000000, -0.000000, -1.000000, -0.000000),
      ["RightUpperArm"] = CFrame.new(0.000023, -0.000001, 0.000000, 1.000000, 0.000000, 0.000000, 0.000000, 0.707134, -0.707079, 0.000000, 0.707079, 0.707134),
      ["UpperTorso"] = CFrame.new(0.000000, -0.000000, -0.000000, 1.000000, 0.000000, 0.000000, 0.000000, 1.000000, 0.000000, 0.000000, 0.000000, 1.000000)
    }},
    {Time = 1.133, Data = {
      ["Head"] = CFrame.new(0.000023, -0.000002, 0.000008, 0.955833, 0.093451, -0.278660, -0.099630, 0.994992, -0.008063, 0.276511, 0.035470, 0.960356),
      ["LeftLowerArm"] = CFrame.new(0.000008, -0.000004, 0.000000, 1.000000, 0.000000, 0.000000, 0.000000, 0.707134, -0.707079, 0.000000, 0.707079, 0.707134),
      ["LeftLowerLeg"] = CFrame.new(0.000000, 0.000000, 0.000000, 1.000000, 0.000000, -0.000000, 0.000000, 0.000000, 1.000000, 0.000000, -1.000000, 0.000000),
      ["LeftUpperArm"] = CFrame.new(0.000000, -0.000001, 0.000000, 1.000000, 0.000000, 0.000000, 0.000000, 0.707134, -0.707079, 0.000000, 0.707079, 0.707134),
      ["LowerTorso"] = CFrame.new(0.000000, -1.000000, 0.000000, 1.000000, 0.000000, 0.000000, 0.000000, 1.000000, 0.000000, 0.000000, 0.000000, 1.000000),
      ["RightLowerArm"] = CFrame.new(0.000000, 0.000015, 0.000000, 1.000000, -0.000665, 0.000649, 0.000930, 0.707134, -0.707079, 0.000011, 0.707079, 0.707134),
      ["RightLowerLeg"] = CFrame.new(0.000000, -0.000000, -0.000000, 1.000000, -0.000000, 0.000000, 0.000000, -0.000000, 1.000000, -0.000000, -1.000000, -0.000000),
      ["RightUpperArm"] = CFrame.new(0.000023, -0.000001, 0.000000, 1.000000, 0.000000, 0.000000, 0.000000, 0.707134, -0.707079, 0.000000, 0.707079, 0.707134),
      ["UpperTorso"] = CFrame.new(0.000000, -0.000000, -0.000000, 1.000000, 0.000000, 0.000000, 0.000000, 1.000000, 0.000000, 0.000000, 0.000000, 1.000000)
    }},
    {Time = 1.400, Data = {
      ["Head"] = CFrame.new(0.000023, -0.000003, 0.000008, 0.962062, 0.024542, 0.271723, -0.081054, 0.976690, 0.198765, -0.260511, -0.213249, 0.941626),
      ["LeftLowerArm"] = CFrame.new(0.000008, -0.000004, 0.000000, 1.000000, 0.000000, 0.000000, 0.000000, 0.707134, -0.707079, 0.000000, 0.707079, 0.707134),
      ["LeftLowerLeg"] = CFrame.new(0.000000, 0.000000, 0.000000, 1.000000, 0.000000, -0.000000, 0.000000, 0.000000, 1.000000, 0.000000, -1.000000, 0.000000),
      ["LeftUpperArm"] = CFrame.new(0.000000, -0.000001, 0.000000, 1.000000, 0.000000, 0.000000, 0.000000, 0.707134, -0.707079, 0.000000, 0.707079, 0.707134),
      ["LowerTorso"] = CFrame.new(0.000000, -1.000000, 0.000000, 1.000000, 0.000000, 0.000000, 0.000000, 1.000000, 0.000000, 0.000000, 0.000000, 1.000000),
      ["RightLowerArm"] = CFrame.new(0.000000, 0.000015, 0.000000, 1.000000, -0.000665, 0.000649, 0.000930, 0.707134, -0.707079, 0.000011, 0.707079, 0.707134),
      ["RightLowerLeg"] = CFrame.new(0.000000, -0.000000, -0.000000, 1.000000, -0.000000, 0.000000, 0.000000, -0.000000, 1.000000, -0.000000, -1.000000, -0.000000),
      ["RightUpperArm"] = CFrame.new(0.000023, -0.000001, 0.000000, 1.000000, 0.000000, 0.000000, 0.000000, 0.707134, -0.707079, 0.000000, 0.707079, 0.707134),
      ["UpperTorso"] = CFrame.new(0.000000, -0.000000, -0.000000, 1.000000, 0.000000, 0.000000, 0.000000, 1.000000, 0.000000, 0.000000, 0.000000, 1.000000)
    }}
  }
}