return {
  ["hug short"] = {
    {Time = 0.000, Data = {
      ["Head"] = CFrame.new(-0.000002, -0.000002, 0.000004, 0.987691, 0.071959, -0.138880, -0.112796, 0.942804, -0.313683, 0.108365, 0.325487, 0.939316),
      ["LeftHand"] = CFrame.new(-0.000000, -0.000004, 0.000001, 1.000000, 0.000000, 0.000000, 0.000000, 1.000000, 0.000000, 0.000000, 0.000000, 1.000000),
      ["LeftLowerArm"] = CFrame.new(0.000001, 0.000008, -0.000000, 0.957031, -0.289985, -0.000019, 0.289980, 0.957014, 0.006018, -0.001727, -0.005765, 0.999982),
      ["LeftUpperArm"] = CFrame.new(0.119543, -0.073066, 0.000000, 0.971383, 0.005576, 0.237453, 0.202158, -0.544229, -0.814216, 0.124688, 0.838919, -0.529782),
      ["RightHand"] = CFrame.new(-0.000000, 0.000000, 0.000001, 1.000000, 0.000000, 0.000000, 0.000000, 0.999967, -0.008114, 0.000000, 0.008114, 0.999967),
      ["RightLowerArm"] = CFrame.new(-0.000000, 0.000004, 0.000000, 0.885155, 0.465296, 0.000024, -0.465296, 0.885155, -0.000984, -0.000479, 0.000860, 1.000000),
      ["RightUpperArm"] = CFrame.new(-0.219004, -0.091167, -0.000008, 0.923881, -0.203601, -0.324021, -0.373659, -0.297204, -0.878663, 0.082596, 0.932854, -0.350659),
      ["UpperTorso"] = CFrame.new(0.000000, -0.000000, 0.000000, 0.998957, 0.000000, 0.045652, 0.000000, 1.000000, 0.000000, -0.045652, 0.000000, 0.998957)
    }},
    {Time = 3.600, Data = {
      ["LeftUpperArm"] = CFrame.new(0.119543, -0.073066, 0.000004, 0.979778, -0.020012, 0.199082, 0.156148, -0.545662, -0.823329, 0.125108, 0.837767, -0.531503),
      ["RightUpperArm"] = CFrame.new(-0.219005, -0.091167, -0.000011, 0.942969, -0.187020, -0.275379, -0.322262, -0.305603, -0.895965, 0.083407, 0.933611, -0.348444),
      ["UpperTorso"] = CFrame.new(-0.000000, 0.022148, 0.000000, 0.998411, 0.000000, 0.056346, 0.000000, 1.000000, 0.000000, -0.056346, 0.000000, 0.998411)
    }},
    {Time = 7.000, Data = {
      ["Head"] = CFrame.new(-0.000002, -0.000002, 0.000004, 0.987691, 0.071959, -0.138880, -0.112796, 0.942804, -0.313683, 0.108365, 0.325487, 0.939316),
      ["LeftHand"] = CFrame.new(-0.000000, -0.000004, 0.000001, 1.000000, 0.000000, 0.000000, 0.000000, 1.000000, 0.000000, 0.000000, 0.000000, 1.000000),
      ["LeftLowerArm"] = CFrame.new(0.000001, 0.000008, -0.000000, 0.957031, -0.289985, -0.000019, 0.289980, 0.957014, 0.006018, -0.001727, -0.005765, 0.999982),
      ["LeftUpperArm"] = CFrame.new(0.119543, -0.073066, 0.000000, 0.971383, 0.005576, 0.237453, 0.202158, -0.544229, -0.814216, 0.124688, 0.838919, -0.529782),
      ["RightHand"] = CFrame.new(-0.000000, 0.000000, 0.000001, 1.000000, 0.000000, 0.000000, 0.000000, 0.999967, -0.008114, 0.000000, 0.008114, 0.999967),
      ["RightLowerArm"] = CFrame.new(-0.000000, 0.000004, 0.000000, 0.885155, 0.465296, 0.000024, -0.465296, 0.885155, -0.000984, -0.000479, 0.000860, 1.000000),
      ["RightUpperArm"] = CFrame.new(-0.219004, -0.091167, -0.000008, 0.923881, -0.203601, -0.324021, -0.373659, -0.297204, -0.878663, 0.082596, 0.932854, -0.350659),
      ["UpperTorso"] = CFrame.new(0.000000, -0.000000, 0.000000, 0.998957, 0.000000, 0.045652, 0.000000, 1.000000, 0.000000, -0.045652, 0.000000, 0.998957)
    }}
  }
}