return {
  ["hypra's jerkoff"] = {
    {Time = 0.000, Data = {
      ["Head"] = CFrame.new(0.000002, 0.000000, 0.000001, 1.000000, -0.000000, 0.000000, 0.000000, 0.724252, 0.689536, -0.000000, -0.689536, 0.724252),
      ["LeftFoot"] = CFrame.new(-0.000001, -0.026903, -0.076553, 1.000000, -0.000000, 0.000000, 0.000000, 0.943448, 0.331522, -0.000000, -0.331522, 0.943448),
      ["LeftLowerArm"] = CFrame.new(0.000000, -0.000004, -0.000002, 1.000000, 0.000000, 0.000000, 0.000000, 0.919232, -0.393716, 0.000000, 0.393716, 0.919232),
      ["LeftLowerLeg"] = CFrame.new(0.000002, 0.000000, 0.000004, 1.000000, -0.000000, 0.000000, 0.000000, 0.286144, 0.958187, -0.000000, -0.958187, 0.286144),
      ["LeftUpperArm"] = CFrame.new(-0.000002, 0.000002, -0.000004, 0.477647, -0.700204, -0.530629, 0.217912, 0.679531, -0.700537, 0.851098, 0.218980, 0.477159),
      ["LeftUpperLeg"] = CFrame.new(0.000002, 0.000006, -0.000002, 1.000000, 0.000000, 0.000000, 0.000000, 0.359062, -0.933314, 0.000000, 0.933314, 0.359062),
      ["LowerTorso"] = CFrame.new(-0.000001, -0.880866, -0.014534, 1.000000, -0.000000, 0.000000, 0.000000, 0.016534, 0.999863, -0.000000, -0.999863, 0.016534),
      ["RightFoot"] = CFrame.new(0.000000, -0.023987, -0.072568, 1.000000, -0.000000, 0.000000, 0.000000, 0.949490, 0.313798, -0.000000, -0.313798, 0.949490),
      ["RightHand"] = CFrame.new(0.000001, 0.000000, 0.000000, 1.000000, -0.000000, 0.000000, 0.000000, 0.939220, 0.343316, -0.000000, -0.343316, 0.939220),
      ["RightLowerLeg"] = CFrame.new(-0.000003, -0.000003, 0.000004, 1.000000, -0.000000, 0.000000, 0.000000, 0.467153, 0.884177, -0.000000, -0.884177, 0.467153),
      ["RightUpperArm"] = CFrame.new(0.000001, 0.000002, -0.000001, 1.000000, 0.000000, 0.000000, 0.000000, 0.039641, -0.999214, 0.000000, 0.999214, 0.039641),
      ["RightUpperLeg"] = CFrame.new(-0.000002, 0.000006, 0.000002, 1.000000, 0.000000, 0.000000, 0.000000, 0.508384, -0.861131, 0.000000, 0.861131, 0.508384),
      ["UpperTorso"] = CFrame.new(0.000001, -0.000004, -0.000001, 1.000000, 0.000000, 0.000000, 0.000000, 0.930854, -0.365390, 0.000000, 0.365390, 0.930854)
    }},
    {Time = 0.133, Data = {
      ["LeftUpperArm"] = CFrame.new(-0.000003, 0.000002, -0.000004, 0.477651, -0.869270, -0.127354, 0.217889, 0.257642, -0.941353, 0.851101, 0.421889, 0.312468)
    }},
    {Time = 0.250, Data = {
      ["LeftUpperArm"] = CFrame.new(0.000000, 0.000002, -0.000003, 0.477674, -0.780630, -0.403044, 0.217884, 0.549699, -0.806448, 0.851090, 0.297402, 0.432664)
    }}
  }
}
