return {
  ["HPRAFacething"] = {
    {Time = 0.000, Data = {
      ["Head"] = CFrame.new(0.000000, -0.000002, 0.000000, 1.000000, -0.000000, 0.000000, 0.000000, 0.676026, 0.736878, -0.000000, -0.736878, 0.676026),
      ["LeftUpperArm"] = CFrame.new(-0.011227, -0.084005, -0.106741, 0.744604, -0.597779, -0.297028, 0.091556, 0.532237, -0.841630, 0.661198, 0.599486, 0.451036),
      ["LeftUpperLeg"] = CFrame.new(0.000007, 0.000001, -0.000004, 0.974240, 0.024534, 0.224173, -0.015596, 0.999014, -0.041556, -0.224972, 0.036989, 0.973663),
      ["LowerTorso"] = CFrame.new(0.000000, 1.891593, -0.681004, 1.000000, 0.000000, 0.000000, 0.000000, 1.000000, 0.000000, 0.000000, 0.000000, 1.000000),
      ["RightUpperArm"] = CFrame.new(0.000007, -0.114922, -0.080309, 0.810122, 0.539887, 0.228528, -0.078777, 0.486517, -0.870112, -0.580945, 0.686894, 0.436669),
      ["RightUpperLeg"] = CFrame.new(0.000007, -0.000002, 0.000006, 0.992791, -0.062590, -0.102222, 0.055914, 0.996191, -0.066915, 0.106021, 0.060717, 0.992508)
    }},
    {Time = 0.183, Data = {
      ["Head"] = CFrame.new(0.000000, -0.000000, 0.000000, 1.000000, -0.000000, 0.000000, 0.000000, 0.853670, 0.520814, -0.000000, -0.520814, 0.853670),
      ["LeftUpperArm"] = CFrame.new(-0.011228, -0.084007, -0.106739, 0.929197, -0.351934, -0.112850, -0.066986, 0.139914, -0.987895, 0.363464, 0.925509, 0.106433),
      ["LeftUpperLeg"] = CFrame.new(0.000010, -0.000005, 0.000002, 0.974243, 0.146051, 0.171814, -0.015593, 0.803727, -0.594794, -0.224962, 0.576795, 0.785303),
      ["LowerTorso"] = CFrame.new(0.000000, 1.891597, 0.267288, 1.000000, 0.000000, 0.000000, 0.000000, 1.000000, 0.000000, 0.000000, 0.000000, 1.000000),
      ["RightUpperArm"] = CFrame.new(0.000008, -0.114923, -0.080307, 0.944356, 0.300718, 0.133270, 0.089082, 0.156202, -0.983700, -0.316633, 0.940835, 0.120721),
      ["RightUpperLeg"] = CFrame.new(0.000009, -0.000005, -0.000004, 0.992791, -0.107736, -0.052534, 0.055903, 0.803890, -0.592146, 0.106027, 0.584940, 0.804117),
      ["UpperTorso"] = CFrame.new(0.000002, 0.000000, 0.000000, 1.000000, -0.000000, 0.000000, 0.000000, 0.943622, 0.331026, -0.000000, -0.331026, 0.943622)
    }},
    {Time = 0.342, Data = {
      ["Head"] = CFrame.new(0.000000, -0.000002, 0.000000, 1.000000, -0.000000, 0.000000, 0.000000, 0.676026, 0.736878, -0.000000, -0.736878, 0.676026),
      ["LeftUpperArm"] = CFrame.new(-0.011227, -0.084005, -0.106741, 0.744604, -0.597779, -0.297028, 0.091556, 0.532237, -0.841630, 0.661198, 0.599486, 0.451036),
      ["LeftUpperLeg"] = CFrame.new(0.000007, 0.000001, -0.000004, 0.974240, 0.024534, 0.224173, -0.015596, 0.999014, -0.041556, -0.224972, 0.036989, 0.973663),
      ["LowerTorso"] = CFrame.new(0.000000, 1.891593, -0.681004, 1.000000, 0.000000, 0.000000, 0.000000, 1.000000, 0.000000, 0.000000, 0.000000, 1.000000),
      ["RightUpperArm"] = CFrame.new(0.000007, -0.114922, -0.080309, 0.810122, 0.539887, 0.228528, -0.078777, 0.486517, -0.870112, -0.580945, 0.686894, 0.436669),
      ["RightUpperLeg"] = CFrame.new(0.000007, -0.000002, 0.000006, 0.992791, -0.062590, -0.102222, 0.055914, 0.996191, -0.066915, 0.106021, 0.060717, 0.992508)
    }}
  }
}
