return {
  ["Untitled Animation Clip"] = {
    {Time = 0.000, Data = {
    }},
    {Time = 0.067, Data = {
      ["LeftLowerArm"] = CFrame.new(-38.067764, -1491.331909, -726.385925, 0.998630, 0.022907, 0.047052, 0.000037, 0.898799, -0.438361, -0.052332, 0.437762, 0.897567),
      ["LeftUpperArm"] = CFrame.new(0.949997, -1.247958, -0.176392, 1.000000, 0.000000, 0.000000, 0.000000, 0.017502, -0.999847, 0.000000, 0.999847, 0.017502),
      ["RightLowerArm"] = CFrame.new(0.000015, -0.536999, -0.000002, 1.000000, 0.000000, 0.000000, 0.000000, 1.000000, 0.000000, 0.000000, 0.000000, 1.000000),
      ["RightUpperArm"] = CFrame.new(-0.000046, -0.089992, 0.000000, 0.996035, 0.081536, 0.035574, 0.007128, 0.325458, -0.945530, -0.088672, 0.942035, 0.323586)
    }},
    {Time = 0.133, Data = {
      ["RightUpperArm"] = CFrame.new(0.026352, 0.015472, 0.305214, 0.996035, 0.081536, 0.035574, 0.007128, 0.325458, -0.945530, -0.088672, 0.942035, 0.323586)
    }},
    {Time = 0.200, Data = {
      ["RightUpperArm"] = CFrame.new(0.060104, 0.150313, 0.695442, 0.996035, 0.081536, 0.035574, 0.007128, 0.325458, -0.945530, -0.088672, 0.942035, 0.323586)
    }},
    {Time = 0.300, Data = {
      ["RightUpperArm"] = CFrame.new(-0.014618, -0.148053, -0.168034, 0.996035, 0.081536, 0.035574, 0.007128, 0.325458, -0.945530, -0.088672, 0.942035, 0.323586)
    }},
    {Time = 0.400, Data = {
      ["RightUpperArm"] = CFrame.new(0.021545, -0.003733, 0.249634, 0.996035, 0.081536, 0.035574, 0.007128, 0.325458, -0.945530, -0.088672, 0.942035, 0.323586)
    }},
    {Time = 0.500, Data = {
      ["RightUpperArm"] = CFrame.new(-0.055191, -0.310034, -0.636806, 0.996035, 0.081536, 0.035574, 0.007128, 0.325458, -0.945530, -0.088672, 0.942035, 0.323586)
    }},
    {Time = 0.600, Data = {
      ["RightUpperArm"] = CFrame.new(-0.009384, -0.127099, -0.107391, 0.996035, 0.081536, 0.035574, 0.007128, 0.325458, -0.945530, -0.088672, 0.942035, 0.323586)
    }}
  }
}
