return {
  ["Mini Dance 3"] = {
    {Time = 0.000, Data = {
      ["Head"] = CFrame.new(-0.000000, -0.000000, -0.000000, 1.000000, -0.000000, 0.000000, 0.000000, 0.984782, 0.173792, -0.000000, -0.173792, 0.984782),
      ["LeftFoot"] = CFrame.new(0.000000, -0.000000, 0.000000, 0.998000, -0.009406, -0.062517, 0.003349, 0.995348, -0.096290, 0.063132, 0.095888, 0.993388),
      ["LeftHand"] = CFrame.new(-0.000001, 0.000000, 0.000000, 0.997690, -0.032214, 0.059814, 0.032317, 0.999477, -0.000760, -0.059759, 0.002691, 0.998209),
      ["LeftLowerArm"] = CFrame.new(0.000000, -0.000000, 0.000004, 0.997583, 0.031322, -0.062018, -0.034565, 0.998052, -0.051942, 0.060270, 0.053960, 0.996723),
      ["LeftLowerLeg"] = CFrame.new(0.000000, -0.000000, -0.000000, 0.997859, 0.044903, 0.047560, -0.057091, 0.952766, 0.298291, -0.031920, -0.300367, 0.953289),
      ["LeftUpperArm"] = CFrame.new(0.000000, -0.000000, -0.000000, 0.842839, 0.538152, -0.003733, -0.537150, 0.841655, 0.055564, 0.033044, -0.044826, 0.998448),
      ["LeftUpperLeg"] = CFrame.new(0.063436, -0.043887, -0.031105, 0.998931, 0.039654, 0.023772, -0.045066, 0.949932, 0.309190, -0.010321, -0.309931, 0.950703),
      ["LowerTorso"] = CFrame.new(0.001829, 0.015604, 0.026259, 0.999996, -0.002561, -0.001136, 0.002033, 0.942395, -0.334496, 0.001927, 0.334492, 0.942396),
      ["RightFoot"] = CFrame.new(0.000000, -0.000000, 0.000000, 0.998010, 0.009395, 0.062345, -0.003360, 0.995356, -0.096204, -0.062959, 0.095803, 0.993407),
      ["RightHand"] = CFrame.new(-0.000000, 0.000000, 0.000000, 0.999114, -0.016223, 0.038837, 0.016227, 0.999868, 0.000229, -0.038836, 0.000402, 0.999246),
      ["RightLowerArm"] = CFrame.new(0.000001, -0.000000, 0.000004, 0.999658, -0.014343, 0.021885, 0.014486, 0.999875, -0.006402, -0.021790, 0.006717, 0.999740),
      ["RightLowerLeg"] = CFrame.new(-0.000000, 0.000000, -0.000000, 0.997869, -0.044540, -0.047675, 0.056773, 0.952836, 0.298128, 0.032148, -0.300199, 0.953335),
      ["RightUpperArm"] = CFrame.new(0.000000, -0.000000, 0.000000, 0.826084, -0.562820, 0.028606, 0.559875, 0.825429, 0.072157, -0.064224, -0.043592, 0.996983),
      ["RightUpperLeg"] = CFrame.new(-0.063553, -0.045755, -0.031854, 0.999168, -0.035653, -0.019816, 0.040037, 0.950118, 0.309311, 0.007800, -0.309847, 0.950754),
      ["UpperTorso"] = CFrame.new(-0.000691, -0.021735, -0.136716, 0.999996, 0.002121, 0.001758, -0.002501, 0.966309, 0.257373, -0.001153, -0.257376, 0.966311)
    }},
    {Time = 0.033, Data = {
      ["Head"] = CFrame.new(-0.000000, -0.000000, -0.000000, 1.000000, -0.000000, 0.000000, 0.000000, 0.984782, 0.173792, -0.000000, -0.173792, 0.984782),
      ["LeftFoot"] = CFrame.new(0.000000, -0.000000, 0.000000, 0.998000, -0.009406, -0.062517, 0.003349, 0.995348, -0.096290, 0.063132, 0.095888, 0.993388),
      ["LeftHand"] = CFrame.new(-0.000001, 0.000000, 0.000000, 0.997690, -0.032214, 0.059814, 0.032317, 0.999477, -0.000760, -0.059759, 0.002691, 0.998209),
      ["LeftLowerArm"] = CFrame.new(0.000000, -0.000000, 0.000004, 0.997583, 0.031322, -0.062018, -0.034565, 0.998052, -0.051942, 0.060270, 0.053960, 0.996723),
      ["LeftLowerLeg"] = CFrame.new(0.000000, -0.000000, -0.000000, 0.997859, 0.044903, 0.047560, -0.057091, 0.952766, 0.298291, -0.031920, -0.300367, 0.953289),
      ["LeftUpperArm"] = CFrame.new(0.000000, -0.000000, -0.000000, 0.842839, 0.538152, -0.003733, -0.537150, 0.841655, 0.055564, 0.033044, -0.044826, 0.998448),
      ["LeftUpperLeg"] = CFrame.new(0.063436, -0.043887, -0.031105, 0.998931, 0.039654, 0.023772, -0.045066, 0.949932, 0.309190, -0.010321, -0.309931, 0.950703),
      ["LowerTorso"] = CFrame.new(0.001829, 0.015604, 0.026259, 0.999996, -0.002561, -0.001136, 0.002033, 0.942395, -0.334496, 0.001927, 0.334492, 0.942396),
      ["RightFoot"] = CFrame.new(0.000000, -0.000000, 0.000000, 0.998010, 0.009395, 0.062345, -0.003360, 0.995356, -0.096204, -0.062959, 0.095803, 0.993407),
      ["RightHand"] = CFrame.new(-0.000000, 0.000000, 0.000000, 0.999114, -0.016223, 0.038837, 0.016227, 0.999868, 0.000229, -0.038836, 0.000402, 0.999246),
      ["RightLowerArm"] = CFrame.new(0.000001, -0.000000, 0.000004, 0.999658, -0.014343, 0.021885, 0.014486, 0.999875, -0.006402, -0.021790, 0.006717, 0.999740),
      ["RightLowerLeg"] = CFrame.new(-0.000000, 0.000000, -0.000000, 0.997869, -0.044540, -0.047675, 0.056773, 0.952836, 0.298128, 0.032148, -0.300199, 0.953335),
      ["RightUpperArm"] = CFrame.new(0.000000, -0.000000, 0.000000, 0.826084, -0.562820, 0.028606, 0.559875, 0.825429, 0.072157, -0.064224, -0.043592, 0.996983),
      ["RightUpperLeg"] = CFrame.new(-0.063553, -0.045755, -0.031854, 0.999168, -0.035653, -0.019816, 0.040037, 0.950118, 0.309311, 0.007800, -0.309847, 0.950754),
      ["UpperTorso"] = CFrame.new(-0.000691, -0.021735, -0.136716, 0.999996, 0.002121, 0.001758, -0.002501, 0.966309, 0.257373, -0.001153, -0.257376, 0.966311)
    }},
    {Time = 0.067, Data = {
      ["Head"] = CFrame.new(-0.000000, -0.000000, -0.000000, 0.951960, -0.071516, 0.297756, 0.031960, 0.990240, 0.135660, -0.304551, -0.119627, 0.944954),
      ["LeftFoot"] = CFrame.new(-0.000000, -0.000000, 0.000000, 0.998641, -0.007436, -0.051586, 0.002909, 0.996178, -0.087293, 0.052038, 0.087024, 0.994846),
      ["LeftHand"] = CFrame.new(0.000000, -0.000000, -0.000000, 0.992843, 0.086016, 0.082848, -0.084241, 0.996140, -0.024688, -0.084652, 0.017532, 0.996256),
      ["LeftLowerArm"] = CFrame.new(0.000000, -0.000000, 0.000004, 0.967544, -0.187398, -0.169530, 0.170962, 0.979453, -0.106972, 0.186093, 0.074517, 0.979702),
      ["LeftLowerLeg"] = CFrame.new(-0.000000, 0.000000, -0.000000, 0.996771, 0.061470, 0.051666, -0.080210, 0.731766, 0.676820, 0.003797, -0.678778, 0.734334),
      ["LeftUpperArm"] = CFrame.new(-0.000000, 0.000000, -0.000000, 0.853733, 0.519787, 0.030989, -0.520543, 0.853456, 0.025455, -0.013217, -0.037863, 0.999196),
      ["LeftUpperLeg"] = CFrame.new(0.063436, -0.043887, -0.031106, 0.996777, 0.076033, -0.025576, -0.077427, 0.995260, -0.058851, 0.020980, 0.060641, 0.997939),
      ["LowerTorso"] = CFrame.new(-0.275168, -0.037312, 0.523024, 0.902767, 0.098504, 0.418699, 0.002183, 0.972362, -0.233467, -0.430124, 0.211680, 0.877602),
      ["RightFoot"] = CFrame.new(-0.000000, -0.000000, 0.000000, 0.998655, 0.007339, 0.051332, -0.002834, 0.996179, -0.087290, -0.051776, 0.087028, 0.994860),
      ["RightHand"] = CFrame.new(0.000000, 0.000000, -0.000000, 0.997920, -0.001901, 0.064432, 0.000515, 0.999768, 0.021521, -0.064458, -0.021443, 0.997690),
      ["RightLowerArm"] = CFrame.new(0.000000, -0.000000, 0.000004, 0.991735, 0.100683, 0.079528, -0.083108, 0.976333, -0.199665, -0.097748, 0.191405, 0.976632),
      ["RightLowerLeg"] = CFrame.new(0.000000, 0.000000, -0.000000, 0.996821, -0.060630, -0.051696, 0.079614, 0.732014, 0.676622, -0.003181, -0.678587, 0.734514),
      ["RightUpperArm"] = CFrame.new(-0.000000, 0.000000, 0.000000, 0.832118, -0.535454, 0.144460, 0.533792, 0.843931, 0.053362, -0.150487, 0.032708, 0.988071),
      ["RightUpperLeg"] = CFrame.new(-0.063553, -0.045755, -0.031854, 0.997082, -0.071048, 0.027934, 0.072595, 0.995620, -0.058909, -0.023626, 0.060765, 0.997872),
      ["UpperTorso"] = CFrame.new(-0.000691, -0.021735, -0.136716, 0.991769, -0.013250, 0.127356, -0.019061, 0.968272, 0.249171, -0.126617, -0.249547, 0.960049)
    }},
    {Time = 0.100, Data = {
      ["Head"] = CFrame.new(0.000000, 0.000000, 0.000000, 0.809176, -0.150190, 0.568047, 0.091693, 0.987212, 0.130401, -0.580367, -0.053431, 0.812600),
      ["LeftFoot"] = CFrame.new(-0.000000, -0.000000, 0.000000, 0.998976, -0.005915, -0.044852, 0.004094, 0.999168, -0.040579, 0.045054, 0.040354, 0.998169),
      ["LeftHand"] = CFrame.new(-0.000000, 0.000000, -0.000000, 0.975113, 0.197091, 0.101539, -0.192621, 0.979884, -0.052196, -0.109784, 0.031338, 0.993461),
      ["LeftLowerArm"] = CFrame.new(-0.000000, -0.000001, 0.000004, 0.874024, -0.411663, -0.258099, 0.370797, 0.908394, -0.193209, 0.313993, 0.073167, 0.946602),
      ["LeftLowerLeg"] = CFrame.new(-0.000000, 0.000000, -0.000000, 0.996285, 0.067316, 0.053708, -0.083490, 0.602184, 0.793980, 0.021106, -0.795514, 0.605567),
      ["LeftUpperArm"] = CFrame.new(0.000000, 0.000000, -0.000000, 0.865469, 0.496275, 0.068365, -0.497434, 0.867502, -0.000086, -0.059350, -0.033932, 0.997660),
      ["LeftUpperLeg"] = CFrame.new(0.063436, -0.043886, -0.031105, 0.990423, 0.106208, -0.088213, -0.128839, 0.940620, -0.314061, 0.049620, 0.322418, 0.945296),
      ["LowerTorso"] = CFrame.new(-0.453333, -0.092877, 0.952476, 0.536988, 0.107598, 0.836700, 0.002335, 0.991639, -0.129021, -0.843587, 0.071236, 0.532247),
      ["RightFoot"] = CFrame.new(-0.000000, -0.000000, 0.000000, 0.998996, 0.005826, 0.044421, -0.004011, 0.999158, -0.040835, -0.044622, 0.040616, 0.998178),
      ["RightHand"] = CFrame.new(0.000000, 0.000000, -0.000000, 0.997036, 0.016598, 0.075120, -0.018764, 0.999425, 0.028230, -0.074608, -0.029556, 0.996775),
      ["RightLowerArm"] = CFrame.new(-0.000000, -0.000000, 0.000004, 0.968040, 0.216509, 0.126583, -0.152521, 0.908882, -0.388162, -0.199090, 0.356450, 0.912856),
      ["RightLowerLeg"] = CFrame.new(-0.000000, 0.000000, -0.000000, 0.996373, -0.066168, -0.053510, 0.082644, 0.602508, 0.793823, -0.020286, -0.795366, 0.605790),
      ["RightUpperArm"] = CFrame.new(0.000000, 0.000000, 0.000000, 0.830661, -0.493634, 0.257543, 0.502692, 0.863786, 0.034275, -0.239381, 0.100994, 0.965659),
      ["RightUpperLeg"] = CFrame.new(-0.063553, -0.045755, -0.031853, 0.990867, -0.100955, 0.089384, 0.124254, 0.941094, -0.314490, -0.052370, 0.322724, 0.945043),
      ["UpperTorso"] = CFrame.new(-0.000691, -0.021735, -0.136716, 0.967107, -0.027817, 0.252843, -0.034614, 0.970365, 0.239150, -0.252002, -0.240036, 0.937485)
    }},
    {Time = 0.133, Data = {
      ["Head"] = CFrame.new(-0.000000, -0.000001, 0.000000, 0.585404, -0.229245, 0.777656, 0.160503, 0.972976, 0.166000, -0.794695, 0.027638, 0.606379),
      ["LeftFoot"] = CFrame.new(-0.000000, -0.000000, 0.000000, 0.999149, -0.005045, -0.040936, 0.005483, 0.999929, 0.010594, 0.040879, -0.010809, 0.999106),
      ["LeftHand"] = CFrame.new(-0.000000, 0.000000, -0.000000, 0.946471, 0.300737, 0.117260, -0.292326, 0.952647, -0.083725, -0.136886, 0.044965, 0.989566),
      ["LeftLowerArm"] = CFrame.new(0.000000, -0.000001, 0.000004, 0.722233, -0.615736, -0.315039, 0.539639, 0.786562, -0.300184, 0.432631, 0.046795, 0.900356),
      ["LeftLowerLeg"] = CFrame.new(-0.000000, 0.000000, 0.000000, 0.996008, 0.070391, 0.054894, -0.083673, 0.521959, 0.848857, 0.031099, -0.850061, 0.525765),
      ["LeftUpperArm"] = CFrame.new(-0.000000, -0.000001, -0.000000, 0.876562, 0.468697, 0.109368, -0.469465, 0.882719, -0.020232, -0.106024, -0.033610, 0.993795),
      ["LeftUpperLeg"] = CFrame.new(0.063436, -0.043887, -0.031106, 0.978148, 0.130297, -0.162019, -0.196341, 0.835224, -0.513664, 0.068393, 0.534250, 0.842555),
      ["LowerTorso"] = CFrame.new(-0.606486, -0.150946, 1.234128, -0.043431, 0.022864, 0.998795, 0.002449, 0.999738, -0.022779, -0.999053, 0.001457, -0.043476),
      ["RightFoot"] = CFrame.new(-0.000000, -0.000000, 0.000000, 0.999171, 0.004969, 0.040417, -0.005387, 0.999933, 0.010252, -0.040363, -0.010461, 0.999130),
      ["RightHand"] = CFrame.new(-0.000000, 0.000000, -0.000000, 0.996468, 0.036114, 0.075805, -0.038222, 0.998917, 0.026539, -0.074765, -0.029343, 0.996769),
      ["RightLowerArm"] = CFrame.new(0.000000, -0.000000, 0.000004, 0.931707, 0.327452, 0.157154, -0.187353, 0.803957, -0.564404, -0.311161, 0.496416, 0.810401),
      ["RightLowerLeg"] = CFrame.new(0.000000, 0.000000, -0.000000, 0.996123, -0.068984, -0.054592, 0.082684, 0.522248, 0.848776, -0.030042, -0.849999, 0.525927),
      ["RightUpperArm"] = CFrame.new(-0.000000, -0.000000, 0.000000, 0.821075, -0.437616, 0.366508, 0.464963, 0.885198, 0.015297, -0.331126, 0.157853, 0.930289),
      ["RightUpperLeg"] = CFrame.new(-0.063553, -0.045756, -0.031853, 0.978833, -0.125149, 0.161935, 0.191955, 0.835830, -0.514335, -0.070982, 0.534533, 0.842162),
      ["UpperTorso"] = CFrame.new(-0.000691, -0.021735, -0.136716, 0.926180, -0.041222, 0.374821, -0.048792, 0.972549, 0.227524, -0.373911, -0.229016, 0.898745)
    }},
    {Time = 0.167, Data = {
      ["Head"] = CFrame.new(0.000000, -0.000000, 0.000000, 0.306888, -0.299779, 0.903301, 0.218024, 0.946004, 0.239880, -0.926437, 0.123325, 0.355676),
      ["LeftFoot"] = CFrame.new(-0.000000, -0.000000, -0.000000, 0.999215, -0.004675, -0.039343, 0.007057, 0.998136, 0.060616, 0.038986, -0.060846, 0.997386),
      ["LeftHand"] = CFrame.new(-0.000000, -0.000000, -0.000000, 0.907888, 0.398171, 0.131147, -0.384225, 0.915466, -0.119552, -0.167663, 0.058150, 0.984128),
      ["LeftLowerArm"] = CFrame.new(0.000000, -0.000000, 0.000004, 0.532217, -0.777105, -0.335935, 0.658574, 0.629369, -0.412522, 0.532000, -0.001687, 0.846742),
      ["LeftLowerLeg"] = CFrame.new(-0.000000, 0.000000, 0.000000, 0.995857, 0.071943, 0.055621, -0.083640, 0.484598, 0.870729, 0.035689, -0.871774, 0.488607),
      ["LeftUpperArm"] = CFrame.new(0.000000, -0.000000, 0.000000, 0.885659, 0.437917, 0.154389, -0.438150, 0.898245, -0.034362, -0.153727, -0.037212, 0.987412),
      ["LeftUpperLeg"] = CFrame.new(0.063436, -0.043887, -0.031106, 0.957742, 0.149748, -0.245572, -0.278102, 0.700032, -0.657734, 0.073414, 0.698234, 0.712095),
      ["LowerTorso"] = CFrame.new(-0.855658, -0.211288, 1.399536, -0.566852, -0.067213, 0.821073, 0.002633, 0.996513, 0.083392, -0.823815, 0.049433, -0.564699),
      ["RightFoot"] = CFrame.new(0.000000, -0.000000, 0.000001, 0.999239, 0.004614, 0.038736, -0.006946, 0.998158, 0.060275, -0.038386, -0.060498, 0.997430),
      ["RightHand"] = CFrame.new(-0.000000, 0.000000, -0.000001, 0.995926, 0.054774, 0.071626, -0.056460, 0.998168, 0.021735, -0.070305, -0.025690, 0.997195),
      ["RightLowerArm"] = CFrame.new(-0.000000, -0.000000, 0.000004, 0.888034, 0.428621, 0.166373, -0.188692, 0.669729, -0.718233, -0.419275, 0.606422, 0.675619),
      ["RightLowerLeg"] = CFrame.new(-0.000000, 0.000000, -0.000000, 0.995976, -0.070587, -0.055213, 0.082632, 0.484896, 0.870659, -0.034685, -0.871719, 0.488778),
      ["RightUpperArm"] = CFrame.new(-0.000000, -0.000000, 0.000000, 0.802230, -0.368517, 0.469704, 0.419480, 0.907755, -0.004249, -0.424810, 0.200440, 0.882814),
      ["RightUpperLeg"] = CFrame.new(-0.063553, -0.045755, -0.031854, 0.958776, -0.144882, 0.244454, 0.273851, 0.700740, -0.658764, -0.075856, 0.698551, 0.711528),
      ["UpperTorso"] = CFrame.new(-0.000691, -0.021734, -0.136716, 0.870034, -0.053254, 0.490106, -0.061213, 0.974786, 0.214582, -0.489176, -0.216694, 0.844838)
    }},
    {Time = 0.200, Data = {
      ["Head"] = CFrame.new(-0.000000, 0.000000, -0.000000, 0.007064, -0.353171, 0.935532, 0.248664, 0.906789, 0.340442, -0.968564, 0.230228, 0.094226),
      ["LeftFoot"] = CFrame.new(-0.000000, -0.000000, 0.000000, 0.999193, -0.004498, -0.039915, 0.008773, 0.994156, 0.107592, 0.039197, -0.107855, 0.993394),
      ["LeftHand"] = CFrame.new(0.000000, 0.000000, -0.000000, 0.859501, 0.490460, 0.143902, -0.469082, 0.868710, -0.159074, -0.203028, 0.069222, 0.976723),
      ["LeftLowerArm"] = CFrame.new(0.000000, 0.000000, 0.000004, 0.330301, -0.885994, -0.325448, 0.722705, 0.459179, -0.516577, 0.607123, -0.064577, 0.791979),
      ["LeftLowerLeg"] = CFrame.new(0.000000, 0.000000, -0.000000, 0.995783, 0.072642, 0.056026, -0.084542, 0.489578, 0.867851, 0.035614, -0.868928, 0.493655),
      ["LeftUpperArm"] = CFrame.new(-0.000000, -0.000000, 0.000000, 0.891335, 0.404988, 0.203732, -0.405241, 0.913226, -0.042409, -0.203229, -0.044760, 0.978108),
      ["LeftUpperLeg"] = CFrame.new(0.063436, -0.043887, -0.031105, 0.926699, 0.167979, -0.336173, -0.370850, 0.553532, -0.745702, 0.060820, 0.815711, 0.575253),
      ["LowerTorso"] = CFrame.new(-1.225765, -0.273600, 1.554775, -0.867085, -0.091221, 0.489737, 0.002712, 0.982212, 0.187754, -0.498152, 0.164127, -0.851414),
      ["RightFoot"] = CFrame.new(-0.000000, -0.000000, 0.000001, 0.999217, 0.004453, 0.039306, -0.008646, 0.994204, 0.107167, -0.038601, -0.107423, 0.993464),
      ["RightHand"] = CFrame.new(-0.000000, -0.000001, -0.000000, 0.995118, 0.072368, 0.067103, -0.073676, 0.997133, 0.017227, -0.065664, -0.022086, 0.997597),
      ["RightLowerArm"] = CFrame.new(0.000000, -0.000000, 0.000004, 0.842689, 0.516052, 0.153514, -0.163481, 0.516922, -0.840277, -0.512981, 0.682995, 0.519969),
      ["RightLowerLeg"] = CFrame.new(-0.000000, 0.000000, -0.000000, 0.995912, -0.071214, -0.055575, 0.083458, 0.489971, 0.867734, -0.034565, -0.868825, 0.493911),
      ["RightUpperArm"] = CFrame.new(-0.000000, -0.000000, 0.000000, 0.772830, -0.288139, 0.565429, 0.365572, 0.930433, -0.025522, -0.518740, 0.226429, 0.824402),
      ["RightUpperLeg"] = CFrame.new(-0.063553, -0.045756, -0.031853, 0.928158, -0.163694, 0.334257, 0.366819, 0.554316, -0.747113, -0.062986, 0.816050, 0.574539),
      ["UpperTorso"] = CFrame.new(-0.000691, -0.021735, -0.136716, 0.800466, -0.063874, 0.595964, -0.071524, 0.977021, 0.200782, -0.595095, -0.203345, 0.777504)
    }},
    {Time = 0.233, Data = {
      ["Head"] = CFrame.new(-0.000000, 0.000000, -0.000000, 0.008516, -0.353435, 0.935421, 0.247836, 0.907014, 0.340445, -0.968765, 0.228931, 0.095318),
      ["LeftFoot"] = CFrame.new(-0.000000, -0.000000, 0.000000, 0.999193, -0.004498, -0.039915, 0.008773, 0.994156, 0.107592, 0.039197, -0.107855, 0.993394),
      ["LeftHand"] = CFrame.new(0.000000, 0.000000, -0.000000, 0.859501, 0.490460, 0.143902, -0.469082, 0.868710, -0.159074, -0.203028, 0.069222, 0.976723),
      ["LeftLowerArm"] = CFrame.new(0.000000, 0.000000, 0.000004, 0.330301, -0.885994, -0.325448, 0.722705, 0.459179, -0.516577, 0.607123, -0.064577, 0.791979),
      ["LeftLowerLeg"] = CFrame.new(0.000000, 0.000000, -0.000000, 0.995783, 0.072642, 0.056026, -0.084542, 0.489578, 0.867851, 0.035614, -0.868928, 0.493655),
      ["LeftUpperArm"] = CFrame.new(-0.000000, -0.000000, 0.000000, 0.891335, 0.404988, 0.203732, -0.405241, 0.913226, -0.042409, -0.203229, -0.044760, 0.978108),
      ["LeftUpperLeg"] = CFrame.new(0.063436, -0.043887, -0.031105, 0.926699, 0.167979, -0.336173, -0.370850, 0.553532, -0.745702, 0.060820, 0.815711, 0.575253),
      ["LowerTorso"] = CFrame.new(-1.225765, -0.273600, 1.554775, -0.867085, -0.091221, 0.489737, 0.002712, 0.982212, 0.187754, -0.498152, 0.164127, -0.851414),
      ["RightFoot"] = CFrame.new(-0.000000, -0.000000, 0.000001, 0.999217, 0.004453, 0.039306, -0.008646, 0.994204, 0.107167, -0.038601, -0.107423, 0.993464),
      ["RightHand"] = CFrame.new(-0.000000, -0.000001, -0.000000, 0.995118, 0.072368, 0.067103, -0.073676, 0.997133, 0.017227, -0.065664, -0.022086, 0.997597),
      ["RightLowerArm"] = CFrame.new(0.000000, -0.000000, 0.000004, 0.842689, 0.516052, 0.153514, -0.163481, 0.516922, -0.840277, -0.512981, 0.682995, 0.519969),
      ["RightLowerLeg"] = CFrame.new(-0.000000, 0.000000, -0.000000, 0.995912, -0.071214, -0.055575, 0.083458, 0.489971, 0.867734, -0.034565, -0.868825, 0.493911),
      ["RightUpperArm"] = CFrame.new(-0.000000, -0.000000, 0.000000, 0.772830, -0.288139, 0.565429, 0.365572, 0.930433, -0.025522, -0.518740, 0.226429, 0.824402),
      ["RightUpperLeg"] = CFrame.new(-0.063553, -0.045756, -0.031853, 0.928158, -0.163694, 0.334257, 0.366819, 0.554316, -0.747113, -0.062986, 0.816050, 0.574539),
      ["UpperTorso"] = CFrame.new(-0.000691, -0.021735, -0.136716, 0.800466, -0.063874, 0.595964, -0.071524, 0.977021, 0.200782, -0.595095, -0.203345, 0.777504)
    }},
    {Time = 0.267, Data = {
      ["Head"] = CFrame.new(-0.000000, 0.000000, -0.000000, 0.009968, -0.353640, 0.935329, 0.247066, 0.907245, 0.340389, -0.968947, 0.227695, 0.096415),
      ["LeftFoot"] = CFrame.new(-0.000000, -0.000000, 0.000000, 0.999193, -0.004498, -0.039915, 0.008773, 0.994156, 0.107592, 0.039197, -0.107855, 0.993394),
      ["LeftHand"] = CFrame.new(0.000000, 0.000000, -0.000000, 0.859501, 0.490460, 0.143902, -0.469082, 0.868710, -0.159074, -0.203028, 0.069222, 0.976723),
      ["LeftLowerArm"] = CFrame.new(0.000000, -0.000000, 0.000004, 0.330301, -0.885994, -0.325448, 0.722705, 0.459179, -0.516577, 0.607123, -0.064577, 0.791979),
      ["LeftLowerLeg"] = CFrame.new(0.000000, 0.000000, -0.000000, 0.995783, 0.072642, 0.056026, -0.084542, 0.489578, 0.867851, 0.035614, -0.868928, 0.493655),
      ["LeftUpperArm"] = CFrame.new(-0.000000, -0.000000, 0.000000, 0.891335, 0.404988, 0.203732, -0.405241, 0.913226, -0.042409, -0.203229, -0.044760, 0.978108),
      ["LeftUpperLeg"] = CFrame.new(0.063436, -0.043887, -0.031105, 0.926699, 0.167979, -0.336173, -0.370850, 0.553532, -0.745702, 0.060820, 0.815711, 0.575253),
      ["LowerTorso"] = CFrame.new(-1.225765, -0.273600, 1.554775, -0.867085, -0.091221, 0.489737, 0.002712, 0.982212, 0.187754, -0.498152, 0.164127, -0.851414),
      ["RightFoot"] = CFrame.new(-0.000000, -0.000000, 0.000001, 0.999217, 0.004453, 0.039306, -0.008646, 0.994204, 0.107167, -0.038601, -0.107423, 0.993464),
      ["RightHand"] = CFrame.new(-0.000000, -0.000001, -0.000000, 0.995118, 0.072368, 0.067103, -0.073676, 0.997133, 0.017227, -0.065664, -0.022086, 0.997597),
      ["RightLowerArm"] = CFrame.new(0.000000, -0.000000, 0.000004, 0.842689, 0.516052, 0.153514, -0.163481, 0.516922, -0.840277, -0.512981, 0.682995, 0.519969),
      ["RightLowerLeg"] = CFrame.new(-0.000000, 0.000000, -0.000000, 0.995912, -0.071214, -0.055575, 0.083458, 0.489971, 0.867734, -0.034565, -0.868825, 0.493911),
      ["RightUpperArm"] = CFrame.new(-0.000000, -0.000000, 0.000000, 0.772830, -0.288139, 0.565429, 0.365572, 0.930433, -0.025522, -0.518740, 0.226429, 0.824402),
      ["RightUpperLeg"] = CFrame.new(-0.063553, -0.045756, -0.031853, 0.928158, -0.163694, 0.334257, 0.366819, 0.554316, -0.747113, -0.062986, 0.816050, 0.574539),
      ["UpperTorso"] = CFrame.new(-0.000691, -0.021735, -0.136716, 0.800466, -0.063874, 0.595964, -0.071524, 0.977021, 0.200782, -0.595095, -0.203345, 0.777504)
    }},
    {Time = 0.300, Data = {
      ["Head"] = CFrame.new(-0.000000, 0.000000, -0.000000, 0.011418, -0.353900, 0.935214, 0.246237, 0.907468, 0.340394, -0.969142, 0.226398, 0.097505),
      ["LeftFoot"] = CFrame.new(-0.000000, -0.000000, 0.000000, 0.999193, -0.004498, -0.039915, 0.008773, 0.994156, 0.107592, 0.039197, -0.107855, 0.993394),
      ["LeftHand"] = CFrame.new(0.000000, 0.000000, -0.000000, 0.859501, 0.490460, 0.143902, -0.469082, 0.868710, -0.159074, -0.203028, 0.069222, 0.976723),
      ["LeftLowerArm"] = CFrame.new(0.000000, -0.000000, 0.000004, 0.330301, -0.885994, -0.325448, 0.722705, 0.459179, -0.516577, 0.607123, -0.064577, 0.791979),
      ["LeftLowerLeg"] = CFrame.new(0.000000, 0.000000, -0.000000, 0.995783, 0.072642, 0.056026, -0.084542, 0.489578, 0.867851, 0.035614, -0.868928, 0.493655),
      ["LeftUpperArm"] = CFrame.new(-0.000000, -0.000000, 0.000000, 0.891335, 0.404988, 0.203732, -0.405241, 0.913226, -0.042409, -0.203229, -0.044760, 0.978108),
      ["LeftUpperLeg"] = CFrame.new(0.063436, -0.043887, -0.031105, 0.926699, 0.167979, -0.336173, -0.370850, 0.553532, -0.745702, 0.060820, 0.815711, 0.575253),
      ["LowerTorso"] = CFrame.new(-1.225765, -0.273600, 1.554775, -0.867085, -0.091221, 0.489737, 0.002712, 0.982212, 0.187754, -0.498152, 0.164127, -0.851414),
      ["RightFoot"] = CFrame.new(-0.000000, -0.000000, 0.000001, 0.999217, 0.004453, 0.039306, -0.008646, 0.994204, 0.107167, -0.038601, -0.107423, 0.993464),
      ["RightHand"] = CFrame.new(-0.000000, -0.000001, -0.000000, 0.995118, 0.072368, 0.067103, -0.073676, 0.997133, 0.017227, -0.065664, -0.022086, 0.997597),
      ["RightLowerArm"] = CFrame.new(0.000000, -0.000000, 0.000004, 0.842689, 0.516052, 0.153514, -0.163481, 0.516922, -0.840277, -0.512981, 0.682995, 0.519969),
      ["RightLowerLeg"] = CFrame.new(-0.000000, 0.000000, -0.000000, 0.995912, -0.071214, -0.055575, 0.083458, 0.489971, 0.867734, -0.034565, -0.868825, 0.493911),
      ["RightUpperArm"] = CFrame.new(-0.000000, -0.000000, 0.000000, 0.772830, -0.288139, 0.565429, 0.365572, 0.930433, -0.025522, -0.518740, 0.226429, 0.824402),
      ["RightUpperLeg"] = CFrame.new(-0.063553, -0.045756, -0.031853, 0.928158, -0.163694, 0.334257, 0.366819, 0.554316, -0.747113, -0.062986, 0.816050, 0.574539),
      ["UpperTorso"] = CFrame.new(-0.000691, -0.021735, -0.136716, 0.800466, -0.063874, 0.595964, -0.071524, 0.977021, 0.200782, -0.595095, -0.203345, 0.777504)
    }},
    {Time = 0.333, Data = {
      ["Head"] = CFrame.new(-0.000000, 0.000000, -0.000000, 0.012867, -0.354158, 0.935097, 0.245408, 0.907690, 0.340401, -0.969334, 0.225100, 0.098592),
      ["LeftFoot"] = CFrame.new(-0.000000, -0.000000, 0.000000, 0.999193, -0.004498, -0.039915, 0.008773, 0.994156, 0.107592, 0.039197, -0.107855, 0.993394),
      ["LeftHand"] = CFrame.new(0.000000, -0.000000, -0.000000, 0.859501, 0.490460, 0.143902, -0.469082, 0.868710, -0.159074, -0.203028, 0.069222, 0.976723),
      ["LeftLowerArm"] = CFrame.new(-0.000000, 0.000000, 0.000004, 0.330301, -0.885994, -0.325448, 0.722705, 0.459179, -0.516577, 0.607123, -0.064577, 0.791979),
      ["LeftLowerLeg"] = CFrame.new(0.000000, 0.000000, -0.000000, 0.995783, 0.072642, 0.056026, -0.084542, 0.489578, 0.867851, 0.035614, -0.868928, 0.493655),
      ["LeftUpperArm"] = CFrame.new(-0.000000, -0.000000, 0.000000, 0.891335, 0.404988, 0.203732, -0.405241, 0.913226, -0.042409, -0.203229, -0.044760, 0.978108),
      ["LeftUpperLeg"] = CFrame.new(0.063436, -0.043887, -0.031105, 0.926699, 0.167979, -0.336173, -0.370850, 0.553532, -0.745702, 0.060820, 0.815711, 0.575253),
      ["LowerTorso"] = CFrame.new(-1.225765, -0.273600, 1.554775, -0.867085, -0.091221, 0.489737, 0.002712, 0.982212, 0.187754, -0.498152, 0.164127, -0.851414),
      ["RightFoot"] = CFrame.new(-0.000000, -0.000000, 0.000001, 0.999217, 0.004453, 0.039306, -0.008646, 0.994204, 0.107167, -0.038601, -0.107423, 0.993464),
      ["RightHand"] = CFrame.new(-0.000000, -0.000001, -0.000000, 0.995118, 0.072368, 0.067103, -0.073676, 0.997133, 0.017227, -0.065664, -0.022086, 0.997597),
      ["RightLowerArm"] = CFrame.new(0.000000, -0.000000, 0.000004, 0.842689, 0.516052, 0.153514, -0.163481, 0.516922, -0.840277, -0.512981, 0.682995, 0.519969),
      ["RightLowerLeg"] = CFrame.new(-0.000000, 0.000000, -0.000000, 0.995912, -0.071214, -0.055575, 0.083458, 0.489971, 0.867734, -0.034565, -0.868825, 0.493911),
      ["RightUpperArm"] = CFrame.new(-0.000000, -0.000000, 0.000000, 0.772830, -0.288139, 0.565429, 0.365572, 0.930433, -0.025522, -0.518740, 0.226429, 0.824402),
      ["RightUpperLeg"] = CFrame.new(-0.063553, -0.045756, -0.031853, 0.928158, -0.163694, 0.334257, 0.366819, 0.554316, -0.747113, -0.062986, 0.816050, 0.574539),
      ["UpperTorso"] = CFrame.new(-0.000691, -0.021735, -0.136716, 0.800466, -0.063874, 0.595964, -0.071524, 0.977021, 0.200782, -0.595095, -0.203345, 0.777504)
    }},
    {Time = 0.367, Data = {
      ["Head"] = CFrame.new(-0.000000, 0.000000, -0.000000, 0.014314, -0.354415, 0.934979, 0.244578, 0.907911, 0.340410, -0.969524, 0.223803, 0.099678),
      ["LeftFoot"] = CFrame.new(-0.000000, -0.000000, 0.000000, 0.999193, -0.004498, -0.039915, 0.008773, 0.994156, 0.107592, 0.039197, -0.107855, 0.993394),
      ["LeftHand"] = CFrame.new(0.000000, 0.000000, -0.000000, 0.859501, 0.490460, 0.143902, -0.469082, 0.868710, -0.159074, -0.203028, 0.069222, 0.976723),
      ["LeftLowerArm"] = CFrame.new(0.000000, 0.000000, 0.000004, 0.330301, -0.885994, -0.325448, 0.722705, 0.459179, -0.516577, 0.607123, -0.064577, 0.791979),
      ["LeftLowerLeg"] = CFrame.new(0.000000, 0.000000, -0.000000, 0.995783, 0.072642, 0.056026, -0.084542, 0.489578, 0.867851, 0.035614, -0.868928, 0.493655),
      ["LeftUpperArm"] = CFrame.new(-0.000000, -0.000000, 0.000000, 0.891335, 0.404988, 0.203732, -0.405241, 0.913226, -0.042409, -0.203229, -0.044760, 0.978108),
      ["LeftUpperLeg"] = CFrame.new(0.063436, -0.043887, -0.031105, 0.926699, 0.167979, -0.336173, -0.370850, 0.553532, -0.745702, 0.060820, 0.815711, 0.575253),
      ["LowerTorso"] = CFrame.new(-1.225765, -0.273600, 1.554775, -0.867085, -0.091221, 0.489737, 0.002712, 0.982212, 0.187754, -0.498152, 0.164127, -0.851414),
      ["RightFoot"] = CFrame.new(-0.000000, -0.000000, 0.000001, 0.999217, 0.004453, 0.039306, -0.008646, 0.994204, 0.107167, -0.038601, -0.107423, 0.993464),
      ["RightHand"] = CFrame.new(-0.000000, -0.000001, -0.000000, 0.995118, 0.072368, 0.067103, -0.073676, 0.997133, 0.017227, -0.065664, -0.022086, 0.997597),
      ["RightLowerArm"] = CFrame.new(0.000000, -0.000000, 0.000004, 0.842689, 0.516052, 0.153514, -0.163481, 0.516922, -0.840277, -0.512981, 0.682995, 0.519969),
      ["RightLowerLeg"] = CFrame.new(-0.000000, 0.000000, -0.000000, 0.995912, -0.071214, -0.055575, 0.083458, 0.489971, 0.867734, -0.034565, -0.868825, 0.493911),
      ["RightUpperArm"] = CFrame.new(-0.000000, -0.000000, 0.000000, 0.772830, -0.288139, 0.565429, 0.365572, 0.930433, -0.025522, -0.518740, 0.226429, 0.824402),
      ["RightUpperLeg"] = CFrame.new(-0.063553, -0.045756, -0.031853, 0.928158, -0.163694, 0.334257, 0.366819, 0.554316, -0.747113, -0.062986, 0.816050, 0.574539),
      ["UpperTorso"] = CFrame.new(-0.000691, -0.021735, -0.136716, 0.800466, -0.063874, 0.595964, -0.071524, 0.977021, 0.200782, -0.595095, -0.203345, 0.777504)
    }},
    {Time = 0.400, Data = {
      ["Head"] = CFrame.new(-0.000000, 0.000000, -0.000000, 0.015761, -0.354669, 0.934859, 0.243748, 0.908131, 0.340420, -0.969711, 0.222505, 0.100763),
      ["LeftFoot"] = CFrame.new(-0.000000, -0.000000, 0.000000, 0.999193, -0.004498, -0.039915, 0.008773, 0.994156, 0.107592, 0.039197, -0.107855, 0.993394),
      ["LeftHand"] = CFrame.new(0.000000, 0.000000, -0.000000, 0.859501, 0.490460, 0.143902, -0.469082, 0.868710, -0.159074, -0.203028, 0.069222, 0.976723),
      ["LeftLowerArm"] = CFrame.new(0.000000, 0.000000, 0.000004, 0.330301, -0.885994, -0.325448, 0.722705, 0.459179, -0.516577, 0.607123, -0.064577, 0.791979),
      ["LeftLowerLeg"] = CFrame.new(0.000000, 0.000000, -0.000000, 0.995783, 0.072642, 0.056026, -0.084542, 0.489578, 0.867851, 0.035614, -0.868928, 0.493655),
      ["LeftUpperArm"] = CFrame.new(-0.000000, -0.000000, 0.000000, 0.891335, 0.404988, 0.203732, -0.405241, 0.913226, -0.042409, -0.203229, -0.044760, 0.978108),
      ["LeftUpperLeg"] = CFrame.new(0.063436, -0.043887, -0.031105, 0.926699, 0.167979, -0.336173, -0.370850, 0.553532, -0.745702, 0.060820, 0.815711, 0.575253),
      ["LowerTorso"] = CFrame.new(-1.225765, -0.273600, 1.554775, -0.867085, -0.091221, 0.489737, 0.002712, 0.982212, 0.187754, -0.498152, 0.164127, -0.851414),
      ["RightFoot"] = CFrame.new(-0.000000, -0.000000, 0.000001, 0.999217, 0.004453, 0.039306, -0.008646, 0.994204, 0.107167, -0.038601, -0.107423, 0.993464),
      ["RightHand"] = CFrame.new(-0.000000, -0.000001, -0.000000, 0.995118, 0.072368, 0.067103, -0.073676, 0.997133, 0.017227, -0.065664, -0.022086, 0.997597),
      ["RightLowerArm"] = CFrame.new(0.000000, -0.000000, 0.000004, 0.842689, 0.516052, 0.153514, -0.163481, 0.516922, -0.840277, -0.512981, 0.682995, 0.519969),
      ["RightLowerLeg"] = CFrame.new(-0.000000, 0.000000, -0.000000, 0.995912, -0.071214, -0.055575, 0.083458, 0.489971, 0.867734, -0.034565, -0.868825, 0.493911),
      ["RightUpperArm"] = CFrame.new(-0.000000, -0.000000, 0.000000, 0.772830, -0.288139, 0.565429, 0.365572, 0.930433, -0.025522, -0.518740, 0.226429, 0.824402),
      ["RightUpperLeg"] = CFrame.new(-0.063553, -0.045756, -0.031853, 0.928158, -0.163694, 0.334257, 0.366819, 0.554316, -0.747113, -0.062986, 0.816050, 0.574539),
      ["UpperTorso"] = CFrame.new(-0.000691, -0.021735, -0.136716, 0.800466, -0.063874, 0.595964, -0.071524, 0.977021, 0.200782, -0.595095, -0.203345, 0.777504)
    }},
    {Time = 0.433, Data = {
      ["Head"] = CFrame.new(-0.000000, 0.000000, -0.000000, 0.017206, -0.354922, 0.934738, 0.242918, 0.908349, 0.340431, -0.969894, 0.221207, 0.101846),
      ["LeftFoot"] = CFrame.new(-0.000000, -0.000000, 0.000000, 0.999193, -0.004498, -0.039915, 0.008773, 0.994156, 0.107592, 0.039197, -0.107855, 0.993394),
      ["LeftHand"] = CFrame.new(0.000000, 0.000000, 0.000000, 0.859501, 0.490460, 0.143902, -0.469082, 0.868710, -0.159074, -0.203028, 0.069222, 0.976723),
      ["LeftLowerArm"] = CFrame.new(0.000000, -0.000000, 0.000004, 0.330301, -0.885994, -0.325448, 0.722705, 0.459179, -0.516577, 0.607123, -0.064577, 0.791979),
      ["LeftLowerLeg"] = CFrame.new(0.000000, 0.000000, -0.000000, 0.995783, 0.072642, 0.056026, -0.084542, 0.489578, 0.867851, 0.035614, -0.868928, 0.493655),
      ["LeftUpperArm"] = CFrame.new(-0.000000, -0.000000, 0.000000, 0.891335, 0.404988, 0.203732, -0.405241, 0.913226, -0.042409, -0.203229, -0.044760, 0.978108),
      ["LeftUpperLeg"] = CFrame.new(0.063436, -0.043887, -0.031105, 0.926699, 0.167979, -0.336173, -0.370850, 0.553532, -0.745702, 0.060820, 0.815711, 0.575253),
      ["LowerTorso"] = CFrame.new(-1.225765, -0.273600, 1.554775, -0.867085, -0.091221, 0.489737, 0.002712, 0.982212, 0.187754, -0.498152, 0.164127, -0.851414),
      ["RightFoot"] = CFrame.new(-0.000000, -0.000000, 0.000001, 0.999217, 0.004453, 0.039306, -0.008646, 0.994204, 0.107167, -0.038601, -0.107423, 0.993464),
      ["RightHand"] = CFrame.new(-0.000000, -0.000001, -0.000000, 0.995118, 0.072368, 0.067103, -0.073676, 0.997133, 0.017227, -0.065664, -0.022086, 0.997597),
      ["RightLowerArm"] = CFrame.new(0.000000, -0.000000, 0.000004, 0.842689, 0.516052, 0.153514, -0.163481, 0.516922, -0.840277, -0.512981, 0.682995, 0.519969),
      ["RightLowerLeg"] = CFrame.new(-0.000000, 0.000000, -0.000000, 0.995912, -0.071214, -0.055575, 0.083458, 0.489971, 0.867734, -0.034565, -0.868825, 0.493911),
      ["RightUpperArm"] = CFrame.new(-0.000000, -0.000000, 0.000000, 0.772830, -0.288139, 0.565429, 0.365572, 0.930433, -0.025522, -0.518740, 0.226429, 0.824402),
      ["RightUpperLeg"] = CFrame.new(-0.063553, -0.045756, -0.031853, 0.928158, -0.163694, 0.334257, 0.366819, 0.554316, -0.747113, -0.062986, 0.816050, 0.574539),
      ["UpperTorso"] = CFrame.new(-0.000691, -0.021735, -0.136716, 0.800466, -0.063874, 0.595964, -0.071524, 0.977021, 0.200782, -0.595095, -0.203345, 0.777504)
    }},
    {Time = 0.467, Data = {
      ["Head"] = CFrame.new(-0.000000, 0.000000, -0.000000, 0.018650, -0.355173, 0.934615, 0.242087, 0.908566, 0.340443, -0.970075, 0.219909, 0.102928),
      ["LeftFoot"] = CFrame.new(-0.000000, -0.000000, 0.000000, 0.999193, -0.004498, -0.039915, 0.008773, 0.994156, 0.107592, 0.039197, -0.107855, 0.993394),
      ["LeftHand"] = CFrame.new(0.000000, 0.000000, 0.000000, 0.859501, 0.490460, 0.143902, -0.469082, 0.868710, -0.159074, -0.203028, 0.069222, 0.976723),
      ["LeftLowerArm"] = CFrame.new(0.000000, -0.000000, 0.000004, 0.330301, -0.885994, -0.325448, 0.722705, 0.459179, -0.516577, 0.607123, -0.064577, 0.791979),
      ["LeftLowerLeg"] = CFrame.new(0.000000, 0.000000, -0.000000, 0.995783, 0.072642, 0.056026, -0.084542, 0.489578, 0.867851, 0.035614, -0.868928, 0.493655),
      ["LeftUpperArm"] = CFrame.new(-0.000000, -0.000000, 0.000000, 0.891335, 0.404988, 0.203732, -0.405241, 0.913226, -0.042409, -0.203229, -0.044760, 0.978108),
      ["LeftUpperLeg"] = CFrame.new(0.063436, -0.043887, -0.031105, 0.926699, 0.167979, -0.336173, -0.370850, 0.553532, -0.745702, 0.060820, 0.815711, 0.575253),
      ["LowerTorso"] = CFrame.new(-1.225765, -0.273600, 1.554775, -0.867085, -0.091221, 0.489737, 0.002712, 0.982212, 0.187754, -0.498152, 0.164127, -0.851414),
      ["RightFoot"] = CFrame.new(-0.000000, -0.000000, 0.000001, 0.999217, 0.004453, 0.039306, -0.008646, 0.994204, 0.107167, -0.038601, -0.107423, 0.993464),
      ["RightHand"] = CFrame.new(-0.000000, -0.000001, -0.000000, 0.995118, 0.072368, 0.067103, -0.073676, 0.997133, 0.017227, -0.065664, -0.022086, 0.997597),
      ["RightLowerArm"] = CFrame.new(0.000000, -0.000000, 0.000004, 0.842689, 0.516052, 0.153514, -0.163481, 0.516922, -0.840277, -0.512981, 0.682995, 0.519969),
      ["RightLowerLeg"] = CFrame.new(-0.000000, 0.000000, -0.000000, 0.995912, -0.071214, -0.055575, 0.083458, 0.489971, 0.867734, -0.034565, -0.868825, 0.493911),
      ["RightUpperArm"] = CFrame.new(-0.000000, -0.000000, 0.000000, 0.772830, -0.288139, 0.565429, 0.365572, 0.930433, -0.025522, -0.518740, 0.226429, 0.824402),
      ["RightUpperLeg"] = CFrame.new(-0.063553, -0.045756, -0.031853, 0.928158, -0.163694, 0.334257, 0.366819, 0.554316, -0.747113, -0.062986, 0.816050, 0.574539),
      ["UpperTorso"] = CFrame.new(-0.000691, -0.021735, -0.136716, 0.800466, -0.063874, 0.595964, -0.071524, 0.977021, 0.200782, -0.595095, -0.203345, 0.777504)
    }},
    {Time = 0.500, Data = {
      ["Head"] = CFrame.new(-0.000000, 0.000000, -0.000000, 0.020208, -0.355379, 0.934504, 0.241336, 0.908789, 0.340381, -0.970231, 0.218650, 0.104131),
      ["LeftFoot"] = CFrame.new(-0.000000, -0.000000, 0.000000, 0.999193, -0.004498, -0.039915, 0.008773, 0.994156, 0.107592, 0.039197, -0.107855, 0.993394),
      ["LeftHand"] = CFrame.new(0.000000, -0.000000, -0.000000, 0.859501, 0.490460, 0.143902, -0.469082, 0.868710, -0.159074, -0.203028, 0.069222, 0.976723),
      ["LeftLowerArm"] = CFrame.new(-0.000000, 0.000000, 0.000004, 0.330301, -0.885994, -0.325448, 0.722705, 0.459179, -0.516577, 0.607123, -0.064577, 0.791979),
      ["LeftLowerLeg"] = CFrame.new(0.000000, 0.000000, -0.000000, 0.995783, 0.072642, 0.056026, -0.084542, 0.489578, 0.867851, 0.035614, -0.868928, 0.493655),
      ["LeftUpperArm"] = CFrame.new(-0.000000, -0.000000, 0.000000, 0.891335, 0.404988, 0.203732, -0.405241, 0.913226, -0.042409, -0.203229, -0.044760, 0.978108),
      ["LeftUpperLeg"] = CFrame.new(0.063436, -0.043887, -0.031105, 0.926699, 0.167979, -0.336173, -0.370850, 0.553532, -0.745702, 0.060820, 0.815711, 0.575253),
      ["LowerTorso"] = CFrame.new(-1.225765, -0.273600, 1.554775, -0.867085, -0.091221, 0.489737, 0.002712, 0.982212, 0.187754, -0.498152, 0.164127, -0.851414),
      ["RightFoot"] = CFrame.new(-0.000000, -0.000000, 0.000001, 0.999217, 0.004453, 0.039306, -0.008646, 0.994204, 0.107167, -0.038601, -0.107423, 0.993464),
      ["RightHand"] = CFrame.new(-0.000000, -0.000001, -0.000000, 0.995118, 0.072368, 0.067103, -0.073676, 0.997133, 0.017227, -0.065664, -0.022086, 0.997597),
      ["RightLowerArm"] = CFrame.new(0.000000, -0.000000, 0.000004, 0.842689, 0.516052, 0.153514, -0.163481, 0.516922, -0.840277, -0.512981, 0.682995, 0.519969),
      ["RightLowerLeg"] = CFrame.new(-0.000000, 0.000000, -0.000000, 0.995912, -0.071214, -0.055575, 0.083458, 0.489971, 0.867734, -0.034565, -0.868825, 0.493911),
      ["RightUpperArm"] = CFrame.new(-0.000000, -0.000000, 0.000000, 0.772830, -0.288139, 0.565429, 0.365572, 0.930433, -0.025522, -0.518740, 0.226429, 0.824402),
      ["RightUpperLeg"] = CFrame.new(-0.063553, -0.045756, -0.031853, 0.928158, -0.163694, 0.334257, 0.366819, 0.554316, -0.747113, -0.062986, 0.816050, 0.574539),
      ["UpperTorso"] = CFrame.new(-0.000691, -0.021735, -0.136716, 0.800466, -0.063874, 0.595964, -0.071524, 0.977021, 0.200782, -0.595095, -0.203345, 0.777504)
    }},
    {Time = 0.533, Data = {
      ["Head"] = CFrame.new(-0.000000, 0.000000, -0.000000, 0.021650, -0.355626, 0.934378, 0.240504, 0.909004, 0.340396, -0.970407, 0.217352, 0.105209),
      ["LeftFoot"] = CFrame.new(-0.000000, -0.000000, 0.000000, 0.999193, -0.004498, -0.039915, 0.008773, 0.994156, 0.107592, 0.039197, -0.107855, 0.993394),
      ["LeftHand"] = CFrame.new(-0.000000, -0.000000, 0.000000, 0.859501, 0.490460, 0.143902, -0.469082, 0.868710, -0.159074, -0.203028, 0.069222, 0.976723),
