return {
  ["RandomEmote"] = {
    {Time = 0.000, Data = {
      ["Head"] = CFrame.new(-0.000000, -0.000000, 0.000000, 1.000000, 0.000000, 0.000000, 0.000000, 1.000000, 0.000000, 0.000000, 0.000000, 1.000000),
      ["LeftFoot"] = CFrame.new(0.015523, -0.077994, 0.032174, 0.715809, -0.236116, -0.657166, -0.219336, 0.817445, -0.532612, 0.662955, 0.525389, 0.533346),
      ["LeftHand"] = CFrame.new(-0.000000, -0.014280, -0.012582, 0.278431, -0.054397, -0.958915, -0.853500, 0.443856, -0.273002, 0.440470, 0.894446, 0.077156),
      ["LeftLowerArm"] = CFrame.new(0.000000, 0.000000, 0.000000, 1.000000, 0.000000, 0.000000, 0.000000, 0.932355, -0.361544, 0.000000, 0.361544, 0.932355),
      ["LeftLowerLeg"] = CFrame.new(-0.000000, 0.000000, -0.000000, 1.000000, -0.000000, 0.000000, 0.000000, 0.614650, 0.788800, -0.000000, -0.788800, 0.614650),
      ["LeftUpperArm"] = CFrame.new(0.000000, -0.000000, -0.000000, 1.000000, 0.000000, 0.000000, 0.000000, -0.231716, -0.972784, 0.000000, 0.972784, -0.231716),
      ["LeftUpperLeg"] = CFrame.new(0.000000, 0.000000, 0.000000, 0.710408, 0.576050, 0.404336, -0.398773, 0.802854, -0.443176, -0.579914, 0.153597, 0.800067),
      ["LowerTorso"] = CFrame.new(-0.000000, -0.632979, -0.000000, 1.000000, 0.000000, 0.000000, 0.000000, -0.520209, 0.854039, 0.000000, -0.854039, -0.520209),
      ["RightFoot"] = CFrame.new(0.009725, 0.080065, -0.029229, 0.972717, 0.147186, -0.179328, -0.218585, 0.840453, -0.495841, 0.077736, 0.521512, 0.849696),
      ["RightHand"] = CFrame.new(0.000000, 0.014733, 0.012049, -0.338976, 0.087759, 0.936693, 0.819640, 0.516299, 0.248244, -0.461828, 0.851900, -0.246944),
      ["RightLowerArm"] = CFrame.new(0.000000, -0.000000, -0.000000, 1.000000, 0.000000, 0.000000, 0.000000, 0.918432, -0.395579, 0.000000, 0.395579, 0.918432),
      ["RightLowerLeg"] = CFrame.new(0.000000, -0.000000, 0.000000, 1.000000, -0.000000, 0.000000, 0.000000, 0.614650, 0.788800, -0.000000, -0.788800, 0.614650),
      ["RightUpperArm"] = CFrame.new(0.000000, 0.000000, -0.000000, 1.000000, 0.000000, 0.000000, 0.000000, -0.231716, -0.972784, 0.000000, 0.972784, -0.231716),
      ["RightUpperLeg"] = CFrame.new(0.000000, -0.000000, 0.000000, 0.915474, -0.401890, -0.019785, 0.343658, 0.806510, -0.481082, 0.209299, 0.433619, 0.876452),
      ["UpperTorso"] = CFrame.new(-0.000000, -0.000000, 0.000000, 1.000000, 0.000000, 0.000000, 0.000000, 1.000000, 0.000000, 0.000000, 0.000000, 1.000000)
    }},
    {Time = 0.042, Data = {
      ["Head"] = CFrame.new(-0.000000, -0.000000, 0.000000, 1.000000, 0.000000, 0.000000, 0.000000, 1.000000, 0.000000, 0.000000, 0.000000, 1.000000),
      ["LeftFoot"] = CFrame.new(0.015523, -0.077994, 0.032174, 0.715809, -0.236116, -0.657166, -0.219336, 0.817445, -0.532612, 0.662955, 0.525389, 0.533346),
      ["LeftHand"] = CFrame.new(-0.000000, -0.014280, -0.012582, 0.278431, -0.054397, -0.958915, -0.853500, 0.443856, -0.273002, 0.440470, 0.894446, 0.077156),
      ["LeftLowerArm"] = CFrame.new(0.000000, 0.000000, 0.000000, 1.000000, 0.000000, 0.000000, 0.000000, 0.932355, -0.361544, 0.000000, 0.361544, 0.932355),
      ["LeftLowerLeg"] = CFrame.new(-0.000000, 0.000000, -0.000000, 1.000000, -0.000000, 0.000000, 0.000000, 0.614650, 0.788800, -0.000000, -0.788800, 0.614650),
      ["LeftUpperArm"] = CFrame.new(0.000000, -0.000000, -0.000000, 1.000000, 0.000000, 0.000000, 0.000000, -0.231716, -0.972784, 0.000000, 0.972784, -0.231716),
      ["LeftUpperLeg"] = CFrame.new(0.000000, 0.000000, 0.000000, 0.710408, 0.576050, 0.404336, -0.398773, 0.802854, -0.443176, -0.579914, 0.153597, 0.800067),
      ["LowerTorso"] = CFrame.new(-0.000000, -0.632979, -0.000000, 1.000000, 0.000000, 0.000000, 0.000000, -0.520209, 0.854039, 0.000000, -0.854039, -0.520209),
      ["RightFoot"] = CFrame.new(0.009725, 0.080065, -0.029229, 0.972717, 0.147186, -0.179328, -0.218585, 0.840453, -0.495841, 0.077736, 0.521512, 0.849696),
      ["RightHand"] = CFrame.new(0.000000, 0.014733, 0.012049, -0.338976, 0.087759, 0.936693, 0.819640, 0.516299, 0.248244, -0.461828, 0.851900, -0.246944),
      ["RightLowerArm"] = CFrame.new(0.000000, -0.000000, -0.000000, 1.000000, 0.000000, 0.000000, 0.000000, 0.918432, -0.395579, 0.000000, 0.395579, 0.918432),
      ["RightLowerLeg"] = CFrame.new(0.000000, -0.000000, 0.000000, 1.000000, -0.000000, 0.000000, 0.000000, 0.614650, 0.788800, -0.000000, -0.788800, 0.614650),
      ["RightUpperArm"] = CFrame.new(0.000000, 0.000000, -0.000000, 1.000000, 0.000000, 0.000000, 0.000000, -0.231716, -0.972784, 0.000000, 0.972784, -0.231716),
      ["RightUpperLeg"] = CFrame.new(0.000000, -0.000000, 0.000000, 0.915474, -0.401890, -0.019785, 0.343658, 0.806510, -0.481082, 0.209299, 0.433619, 0.876452),
      ["UpperTorso"] = CFrame.new(-0.000000, -0.000000, 0.000000, 1.000000, 0.000000, 0.000000, 0.000000, 1.000000, 0.000000, 0.000000, 0.000000, 1.000000)
    }},
    {Time = 0.083, Data = {
      ["Head"] = CFrame.new(-0.000000, 0.000000, 0.000000, 1.000000, 0.000000, 0.000000, 0.000000, 1.000000, 0.000000, 0.000000, 0.000000, 1.000000),
      ["LeftFoot"] = CFrame.new(0.015523, -0.077994, 0.032175, 0.715809, -0.236116, -0.657166, -0.219336, 0.817445, -0.532612, 0.662955, 0.525389, 0.533346),
      ["LeftHand"] = CFrame.new(-0.000000, -0.014280, -0.012582, 0.278431, -0.054397, -0.958915, -0.853500, 0.443856, -0.273002, 0.440470, 0.894446, 0.077156),
      ["LeftLowerArm"] = CFrame.new(0.000000, 0.000000, 0.000000, 1.000000, 0.000000, 0.000000, 0.000000, 0.932355, -0.361544, 0.000000, 0.361544, 0.932355),
      ["LeftLowerLeg"] = CFrame.new(-0.000000, 0.000000, -0.000000, 1.000000, -0.000000, 0.000000, 0.000000, 0.614650, 0.788800, -0.000000, -0.788800, 0.614650),
      ["LeftUpperArm"] = CFrame.new(0.000000, 0.000000, -0.000000, 1.000000, 0.000000, 0.000000, 0.000000, -0.231716, -0.972784, 0.000000, 0.972784, -0.231716),
      ["LeftUpperLeg"] = CFrame.new(0.000000, 0.001370, -0.008312, 0.710411, 0.576032, 0.404357, -0.383022, 0.798449, -0.464513, -0.590433, 0.175117, 0.787860),
      ["LowerTorso"] = CFrame.new(-0.000000, -0.632979, -0.000000, 1.000000, 0.000000, 0.000000, 0.000000, -0.542026, 0.840362, 0.000000, -0.840362, -0.542026),
      ["RightFoot"] = CFrame.new(0.009725, 0.080065, -0.029229, 0.972717, 0.147186, -0.179328, -0.218585, 0.840453, -0.495841, 0.077736, 0.521512, 0.849696),
      ["RightHand"] = CFrame.new(-0.000000, 0.014733, 0.012049, -0.338976, 0.087759, 0.936693, 0.819640, 0.516299, 0.248244, -0.461828, 0.851900, -0.246944),
      ["RightLowerArm"] = CFrame.new(0.000000, -0.000000, -0.000000, 1.000000, 0.000000, 0.000000, 0.000000, 0.918432, -0.395579, 0.000000, 0.395579, 0.918432),
      ["RightLowerLeg"] = CFrame.new(-0.000000, -0.000000, -0.000000, 1.000000, -0.000000, 0.000000, 0.000000, 0.614650, 0.788800, -0.000000, -0.788800, 0.614650),
      ["RightUpperArm"] = CFrame.new(0.000000, 0.000000, 0.000000, 1.000000, 0.000000, 0.000000, 0.000000, -0.231716, -0.972784, 0.000000, 0.972784, -0.231716),
      ["RightUpperLeg"] = CFrame.new(0.000000, 0.001370, -0.008312, 0.915457, -0.401927, -0.019853, 0.337903, 0.794550, -0.504492, 0.218543, 0.455132, 0.863188),
      ["UpperTorso"] = CFrame.new(-0.000000, -0.002740, 0.016624, 1.000000, 0.000000, 0.000000, 0.000000, 0.999637, -0.026930, 0.000000, 0.026930, 0.999637)
    }},
    {Time = 0.125, Data = {
      ["Head"] = CFrame.new(0.000000, -0.000000, 0.000000, 1.000000, 0.000000, 0.000000, 0.000000, 1.000000, 0.000000, 0.000000, 0.000000, 1.000000),
      ["LeftFoot"] = CFrame.new(0.015523, -0.077994, 0.032175, 0.715809, -0.236116, -0.657166, -0.219336, 0.817445, -0.532612, 0.662955, 0.525389, 0.533346),
      ["LeftHand"] = CFrame.new(-0.000000, -0.014280, -0.012582, 0.278431, -0.054397, -0.958915, -0.853500, 0.443856, -0.273002, 0.440470, 0.894446, 0.077156),
      ["LeftLowerArm"] = CFrame.new(0.000000, 0.000000, 0.000000, 1.000000, 0.000000, 0.000000, 0.000000, 0.932355, -0.361544, 0.000000, 0.361544, 0.932355),
      ["LeftLowerLeg"] = CFrame.new(0.000000, 0.000000, -0.000000, 1.000000, -0.000000, 0.000000, 0.000000, 0.614650, 0.788800, -0.000000, -0.788800, 0.614650),
      ["LeftUpperArm"] = CFrame.new(-0.000000, -0.000000, -0.000000, 1.000000, 0.000000, 0.000000, 0.000000, -0.231716, -0.972784, 0.000000, 0.972784, -0.231716),
      ["LeftUpperLeg"] = CFrame.new(0.000000, 0.005042, -0.030588, 0.710433, 0.576033, 0.404316, -0.339070, 0.783587, -0.520599, -0.616699, 0.232759, 0.752001),
      ["LowerTorso"] = CFrame.new(-0.000000, -0.632979, -0.000000, 1.000000, 0.000000, 0.000000, 0.000000, -0.598959, 0.800780, 0.000000, -0.800780, -0.598959),
      ["RightFoot"] = CFrame.new(0.009725, 0.080065, -0.029229, 0.972717, 0.147186, -0.179328, -0.218585, 0.840453, -0.495841, 0.077736, 0.521512, 0.849696),
      ["RightHand"] = CFrame.new(0.000000, 0.014733, 0.012049, -0.338976, 0.087759, 0.936693, 0.819640, 0.516299, 0.248244, -0.461828, 0.851900, -0.246944),
      ["RightLowerArm"] = CFrame.new(0.000000, -0.000000, -0.000000, 1.000000, 0.000000, 0.000000, 0.000000, 0.918432, -0.395579, 0.000000, 0.395579, 0.918432),
      ["RightLowerLeg"] = CFrame.new(-0.000000, -0.000000, 0.000000, 1.000000, -0.000000, 0.000000, 0.000000, 0.614650, 0.788800, -0.000000, -0.788800, 0.614650),
      ["RightUpperArm"] = CFrame.new(-0.000000, -0.000000, 0.000000, 1.000000, 0.000000, 0.000000, 0.000000, -0.231716, -0.972784, 0.000000, 0.972784, -0.231716),
      ["RightUpperLeg"] = CFrame.new(0.000000, 0.005042, -0.030588, 0.915451, -0.401939, -0.019847, 0.321126, 0.759336, -0.565938, 0.242543, 0.511716, 0.824209),
      ["UpperTorso"] = CFrame.new(-0.000000, -0.010084, 0.061176, 1.000000, 0.000000, 0.000000, 0.000000, 0.995030, -0.099578, 0.000000, 0.099578, 0.995030)
    }},
    {Time = 0.167, Data = {
      ["Head"] = CFrame.new(-0.000000, 0.000000, -0.000000, 1.000000, 0.000000, 0.000000, 0.000000, 1.000000, 0.000000, 0.000000, 0.000000, 1.000000),
      ["LeftFoot"] = CFrame.new(0.015523, -0.077994, 0.032175, 0.715809, -0.236116, -0.657166, -0.219336, 0.817445, -0.532612, 0.662955, 0.525389, 0.533346),
      ["LeftHand"] = CFrame.new(-0.000000, -0.014280, -0.012582, 0.278431, -0.054397, -0.958915, -0.853500, 0.443856, -0.273002, 0.440470, 0.894446, 0.077156),
      ["LeftLowerArm"] = CFrame.new(-0.000000, 0.000000, 0.000000, 1.000000, 0.000000, 0.000000, 0.000000, 0.932355, -0.361544, 0.000000, 0.361544, 0.932355),
      ["LeftLowerLeg"] = CFrame.new(-0.000000, 0.000000, 0.000000, 1.000000, -0.000000, 0.000000, 0.000000, 0.614650, 0.788800, -0.000000, -0.788800, 0.614650),
      ["LeftUpperArm"] = CFrame.new(-0.000000, 0.000000, -0.000000, 1.000000, 0.000000, 0.000000, 0.000000, -0.231716, -0.972784, 0.000000, 0.972784, -0.231716),
      ["LeftUpperLeg"] = CFrame.new(0.000000, 0.010358, -0.062838, 0.710384, 0.576092, 0.404316, -0.271450, 0.754283, -0.597806, -0.649360, 0.314920, 0.692211),
      ["LowerTorso"] = CFrame.new(-0.000000, -0.632979, -0.000000, 1.000000, 0.000000, 0.000000, 0.000000, -0.677136, 0.735858, 0.000000, -0.735858, -0.677136),
      ["RightFoot"] = CFrame.new(0.009726, 0.080065, -0.029229, 0.972717, 0.147186, -0.179328, -0.218585, 0.840453, -0.495841, 0.077736, 0.521512, 0.849696),
      ["RightHand"] = CFrame.new(-0.000000, 0.014733, 0.012049, -0.338976, 0.087759, 0.936693, 0.819640, 0.516299, 0.248244, -0.461828, 0.851900, -0.246944),
      ["RightLowerArm"] = CFrame.new(0.000000, -0.000000, -0.000000, 1.000000, 0.000000, 0.000000, 0.000000, 0.918432, -0.395579, 0.000000, 0.395579, 0.918432),
      ["RightLowerLeg"] = CFrame.new(0.000000, -0.000000, 0.000000, 1.000000, -0.000000, 0.000000, 0.000000, 0.614650, 0.788800, -0.000000, -0.788800, 0.614650),
      ["RightUpperArm"] = CFrame.new(-0.000000, -0.000000, 0.000000, 1.000000, 0.000000, 0.000000, 0.000000, -0.231716, -0.972784, 0.000000, 0.972784, -0.231716),
      ["RightUpperLeg"] = CFrame.new(0.000000, 0.010358, -0.062839, 0.915490, -0.401853, -0.019821, 0.293397, 0.700497, -0.650555, 0.275312, 0.589762, 0.759200),
      ["UpperTorso"] = CFrame.new(-0.000000, -0.020716, 0.125677, 1.000000, 0.000000, 0.000000, 0.000000, 0.978754, -0.205039, 0.000000, 0.205039, 0.978754)
    }},
    {Time = 0.208, Data = {
      ["Head"] = CFrame.new(-0.000000, 0.000000, 0.000000, 1.000000, 0.000000, 0.000000, 0.000000, 1.000000, 0.000000, 0.000000, 0.000000, 1.000000),
      ["LeftFoot"] = CFrame.new(0.015523, -0.077994, 0.032175, 0.715809, -0.236116, -0.657166, -0.219336, 0.817445, -0.532612, 0.662955, 0.525389, 0.533346),
      ["LeftHand"] = CFrame.new(0.000000, -0.014280, -0.012582, 0.278431, -0.054397, -0.958915, -0.853500, 0.443856, -0.273002, 0.440470, 0.894446, 0.077156),
      ["LeftLowerArm"] = CFrame.new(0.000000, 0.000000, 0.000000, 1.000000, 0.000000, 0.000000, 0.000000, 0.932355, -0.361544, 0.000000, 0.361544, 0.932355),
      ["LeftLowerLeg"] = CFrame.new(0.000000, 0.000000, 0.000001, 1.000000, -0.000000, 0.000000, 0.000000, 0.614650, 0.788800, -0.000000, -0.788800, 0.614650),
      ["LeftUpperArm"] = CFrame.new(0.000000, 0.000000, -0.000000, 1.000000, 0.000000, 0.000000, 0.000000, -0.231716, -0.972784, 0.000000, 0.972784, -0.231716),
      ["LeftUpperLeg"] = CFrame.new(0.000000, 0.016660, -0.101073, 0.710415, 0.576059, 0.404310, -0.186336, 0.707936, -0.681252, -0.678667, 0.408635, 0.610270),
      ["LowerTorso"] = CFrame.new(-0.000000, -0.632979, -0.000000, 1.000000, 0.000000, 0.000000, 0.000000, -0.761493, 0.648174, 0.000000, -0.648174, -0.761493),
      ["RightFoot"] = CFrame.new(0.009725, 0.080065, -0.029229, 0.972717, 0.147186, -0.179328, -0.218585, 0.840453, -0.495841, 0.077736, 0.521512, 0.849696),
      ["RightHand"] = CFrame.new(0.000000, 0.014733, 0.012049, -0.338976, 0.087759, 0.936693, 0.819640, 0.516299, 0.248244, -0.461828, 0.851900, -0.246944),
      ["RightLowerArm"] = CFrame.new(-0.000000, -0.000000, -0.000000, 1.000000, 0.000000, 0.000000, 0.000000, 0.918432, -0.395579, 0.000000, 0.395579, 0.918432),
      ["RightLowerLeg"] = CFrame.new(-0.000000, -0.000000, -0.000000, 1.000000, -0.000000, 0.000000, 0.000000, 0.614650, 0.788800, -0.000000, -0.788800, 0.614650),
      ["RightUpperArm"] = CFrame.new(0.000000, 0.000000, 0.000000, 1.000000, 0.000000, 0.000000, 0.000000, -0.231716, -0.972784, 0.000000, 0.972784, -0.231716),
      ["RightUpperLeg"] = CFrame.new(0.000000, 0.016660, -0.101073, 0.915483, -0.401866, -0.019856, 0.255840, 0.619493, -0.742142, 0.310543, 0.674338, 0.669949),
      ["UpperTorso"] = CFrame.new(-0.000000, -0.033320, 0.202147, 1.000000, 0.000000, 0.000000, 0.000000, 0.944574, -0.328298, 0.000000, 0.328298, 0.944574)
    }},
    {Time = 0.250, Data = {
      ["Head"] = CFrame.new(-0.000000, -0.000000, 0.000000, 1.000000, 0.000000, 0.000000, 0.000000, 1.000000, 0.000000, 0.000000, 0.000000, 1.000000),
      ["LeftFoot"] = CFrame.new(0.015523, -0.077994, 0.032175, 0.715809, -0.236116, -0.657166, -0.219336, 0.817445, -0.532612, 0.662955, 0.525389, 0.533346),
      ["LeftHand"] = CFrame.new(-0.000000, -0.014280, -0.012582, 0.278431, -0.054397, -0.958915, -0.853500, 0.443856, -0.273002, 0.440470, 0.894446, 0.077156),
      ["LeftLowerArm"] = CFrame.new(0.000000, 0.000000, 0.000000, 1.000000, 0.000000, 0.000000, 0.000000, 0.932355, -0.361544, 0.000000, 0.361544, 0.932355),
      ["LeftLowerLeg"] = CFrame.new(-0.000000, 0.000000, -0.000000, 1.000000, -0.000000, 0.000000, 0.000000, 0.614650, 0.788800, -0.000000, -0.788800, 0.614650),
      ["LeftUpperArm"] = CFrame.new(0.000000, 0.000000, -0.000000, 1.000000, 0.000000, 0.000000, 0.000000, -0.231716, -0.972784, 0.000000, 0.972784, -0.231716),
      ["LeftUpperLeg"] = CFrame.new(0.000000, 0.023292, -0.141304, 0.710394, 0.576060, 0.404346, -0.093076, 0.646364, -0.757332, -0.697623, 0.500369, 0.512790),
      ["LowerTorso"] = CFrame.new(-0.000000, -0.632979, -0.000000, 1.000000, 0.000000, 0.000000, 0.000000, -0.838296, 0.545215, 0.000000, -0.545215, -0.838296),
      ["RightFoot"] = CFrame.new(0.009725, 0.080065, -0.029229, 0.972717, 0.147186, -0.179328, -0.218585, 0.840453, -0.495841, 0.077736, 0.521512, 0.849696),
      ["RightHand"] = CFrame.new(-0.000000, 0.014733, 0.012049, -0.338976, 0.087759, 0.936693, 0.819640, 0.516299, 0.248244, -0.461828, 0.851900, -0.246944),
      ["RightLowerArm"] = CFrame.new(0.000000, -0.000000, -0.000000, 1.000000, 0.000000, 0.000000, 0.000000, 0.918432, -0.395579, 0.000000, 0.395579, 0.918432),
      ["RightLowerLeg"] = CFrame.new(-0.000000, -0.000000, -0.000000, 1.000000, -0.000000, 0.000000, 0.000000, 0.614650, 0.788800, -0.000000, -0.788800, 0.614650),
      ["RightUpperArm"] = CFrame.new(0.000000, 0.000000, 0.000000, 1.000000, 0.000000, 0.000000, 0.000000, -0.231716, -0.972784, 0.000000, 0.972784, -0.231716),
      ["RightUpperLeg"] = CFrame.new(0.000000, 0.023291, -0.141304, 0.915472, -0.401892, -0.019859, 0.211624, 0.522860, -0.825732, 0.342238, 0.751731, 0.563714),
      ["UpperTorso"] = CFrame.new(-0.000000, -0.046583, 0.282607, 1.000000, 0.000000, 0.000000, 0.000000, 0.891679, -0.452668, 0.000000, 0.452668, 0.891679)
    }},
    {Time = 0.292, Data = {
      ["Head"] = CFrame.new(0.000000, 0.000000, 0.000000, 1.000000, 0.000000, 0.000000, 0.000000, 1.000000, 0.000000, 0.000000, 0.000000, 1.000000),
      ["LeftFoot"] = CFrame.new(0.015523, -0.077993, 0.032175, 0.715809, -0.236116, -0.657166, -0.219336, 0.817445, -0.532612, 0.662955, 0.525389, 0.533346),
      ["LeftHand"] = CFrame.new(0.000000, -0.014280, -0.012582, 0.278431, -0.054397, -0.958915, -0.853500, 0.443856, -0.273002, 0.440470, 0.894446, 0.077156),
      ["LeftLowerArm"] = CFrame.new(-0.000000, 0.000000, 0.000000, 1.000000, 0.000000, 0.000000, 0.000000, 0.932355, -0.361544, 0.000000, 0.361544, 0.932355),
      ["LeftLowerLeg"] = CFrame.new(-0.000000, 0.000000, 0.000000, 1.000000, -0.000000, 0.000000, 0.000000, 0.614650, 0.788800, -0.000000, -0.788800, 0.614650),
      ["LeftUpperArm"] = CFrame.new(0.000000, 0.000000, -0.000000, 1.000000, 0.000000, 0.000000, 0.000000, -0.231716, -0.972784, 0.000000, 0.972784, -0.231716),
      ["LeftUpperLeg"] = CFrame.new(0.000000, 0.029594, -0.179538, 0.710397, 0.576087, 0.404301, -0.003276, 0.577154, -0.816629, -0.703793, 0.578807, 0.411895),
      ["LowerTorso"] = CFrame.new(-0.000000, -0.632979, -0.000000, 1.000000, 0.000000, 0.000000, 0.000000, -0.898285, 0.439414, 0.000000, -0.439414, -0.898285),
      ["RightFoot"] = CFrame.new(0.009725, 0.080065, -0.029229, 0.972717, 0.147186, -0.179328, -0.218585, 0.840453, -0.495841, 0.077736, 0.521512, 0.849696),
      ["RightHand"] = CFrame.new(0.000000, 0.014733, 0.012049, -0.338976, 0.087759, 0.936693, 0.819640, 0.516299, 0.248244, -0.461828, 0.851900, -0.246944),
      ["RightLowerArm"] = CFrame.new(-0.000000, -0.000000, -0.000000, 1.000000, 0.000000, 0.000000, 0.000000, 0.918432, -0.395579, 0.000000, 0.395579, 0.918432),
      ["RightLowerLeg"] = CFrame.new(-0.000000, -0.000000, -0.000000, 1.000000, -0.000000, 0.000000, 0.000000, 0.614650, 0.788800, -0.000000, -0.788800, 0.614650),
      ["RightUpperArm"] = CFrame.new(0.000000, -0.000000, 0.000000, 1.000000, 0.000000, 0.000000, 0.000000, -0.231716, -0.972784, 0.000000, 0.972784, -0.231716),
      ["RightUpperLeg"] = CFrame.new(0.000000, 0.029594, -0.179539, 0.915473, -0.401892, -0.019823, 0.166242, 0.422628, -0.890926, 0.366434, 0.812323, 0.453716),
      ["UpperTorso"] = CFrame.new(-0.000000, -0.059187, 0.359077, 1.000000, 0.000000, 0.000000, 0.000000, 0.826554, -0.562857, 0.000000, 0.562857, 0.826554)
    }},
    {Time = 0.333, Data = {
      ["Head"] = CFrame.new(-0.000000, 0.000000, 0.000000, 1.000000, 0.000000, 0.000000, 0.000000, 1.000000, 0.000000, 0.000000, 0.000000, 1.000000),
      ["LeftFoot"] = CFrame.new(0.015524, -0.077993, 0.032175, 0.715809, -0.236116, -0.657166, -0.219336, 0.817445, -0.532612, 0.662955, 0.525389, 0.533346),
      ["LeftHand"] = CFrame.new(0.000000, -0.014280, -0.012582, 0.278431, -0.054397, -0.958915, -0.853500, 0.443856, -0.273002, 0.440470, 0.894446, 0.077156),
      ["LeftLowerArm"] = CFrame.new(-0.000000, 0.000001, 0.000000, 1.000000, 0.000000, 0.000000, 0.000000, 0.932355, -0.361544, 0.000000, 0.361544, 0.932355),
      ["LeftLowerLeg"] = CFrame.new(-0.000000, 0.000000, -0.000000, 1.000000, -0.000000, 0.000000, 0.000000, 0.614650, 0.788800, -0.000000, -0.788800, 0.614650),
      ["LeftUpperArm"] = CFrame.new(0.000000, 0.000000, -0.000000, 1.000000, 0.000000, 0.000000, 0.000000, -0.231716, -0.972784, 0.000000, 0.972784, -0.231716),
      ["LeftUpperLeg"] = CFrame.new(0.000000, 0.034910, -0.211789, 0.710395, 0.576083, 0.404310, 0.071785, 0.512160, -0.855885, -0.700132, 0.637040, 0.322482),
      ["LowerTorso"] = CFrame.new(-0.000000, -0.632979, -0.000000, 1.000000, 0.000000, 0.000000, 0.000000, -0.938253, 0.345950, 0.000000, -0.345950, -0.938253),
      ["RightFoot"] = CFrame.new(0.009726, 0.080065, -0.029228, 0.972717, 0.147186, -0.179328, -0.218585, 0.840453, -0.495841, 0.077736, 0.521512, 0.849696),
      ["RightHand"] = CFrame.new(-0.000000, 0.014733, 0.012049, -0.338976, 0.087759, 0.936693, 0.819640, 0.516299, 0.248244, -0.461828, 0.851900, -0.246944),
      ["RightLowerArm"] = CFrame.new(-0.000000, -0.000000, -0.000000, 1.000000, 0.000000, 0.000000, 0.000000, 0.918432, -0.395579, 0.000000, 0.395579, 0.918432),
      ["RightLowerLeg"] = CFrame.new(0.000000, -0.000000, 0.000000, 1.000000, -0.000000, 0.000000, 0.000000, 0.614650, 0.788800, -0.000000, -0.788800, 0.614650),
      ["RightUpperArm"] = CFrame.new(0.000000, 0.000000, 0.000000, 1.000000, 0.000000, 0.000000, 0.000000, -0.231716, -0.972784, 0.000000, 0.972784, -0.231716),
      ["RightUpperLeg"] = CFrame.new(0.000000, 0.034910, -0.211789, 0.915494, -0.401843, -0.019801, 0.126211, 0.333575, -0.934237, 0.382022, 0.852790, 0.356103),
      ["UpperTorso"] = CFrame.new(-0.000000, -0.069819, 0.423578, 1.000000, 0.000000, 0.000000, 0.000000, 0.761910, -0.647683, 0.000000, 0.647683, 0.761910)
    }},
    {Time = 0.375, Data = {
      ["Head"] = CFrame.new(-0.000000, 0.000000, -0.000000, 1.000000, 0.000000, 0.000000, 0.000000, 1.000000, 0.000000, 0.000000, 0.000000, 1.000000),
      ["LeftFoot"] = CFrame.new(0.015523, -0.077994, 0.032174, 0.715809, -0.236116, -0.657166, -0.219336, 0.817445, -0.532612, 0.662955, 0.525389, 0.533346),
      ["LeftHand"] = CFrame.new(-0.000000, -0.014280, -0.012582, 0.278431, -0.054397, -0.958915, -0.853500, 0.443856, -0.273002, 0.440470, 0.894446, 0.077156),
      ["LeftLowerArm"] = CFrame.new(-0.000000, 0.000000, 0.000000, 1.000000, 0.000000, 0.000000, 0.000000, 0.932355, -0.361544, 0.000000, 0.361544, 0.932355),
      ["LeftLowerLeg"] = CFrame.new(-0.000000, 0.000000, 0.000000, 1.000000, -0.000000, 0.000000, 0.000000, 0.614650, 0.788800, -0.000000, -0.788800, 0.614650),
      ["LeftUpperArm"] = CFrame.new(0.000000, 0.000000, -0.000000, 1.000000, 0.000000, 0.000000, 0.000000, -0.231716, -0.972784, 0.000000, 0.972784, -0.231716),
      ["LeftUpperLeg"] = CFrame.new(0.000000, 0.038582, -0.234065, 0.710385, 0.576095, 0.404310, 0.122489, 0.464493, -0.877065, -0.693072, 0.672578, 0.259404),
      ["LowerTorso"] = CFrame.new(-0.000000, -0.632979, -0.000000, 1.000000, 0.000000, 0.000000, 0.000000, -0.959990, 0.280033, 0.000000, -0.280033, -0.959990),
      ["RightFoot"] = CFrame.new(0.009725, 0.080064, -0.029229, 0.972717, 0.147186, -0.179328, -0.218585, 0.840453, -0.495841, 0.077736, 0.521512, 0.849696),
      ["RightHand"] = CFrame.new(-0.000000, 0.014733, 0.012049, -0.338976, 0.087759, 0.936693, 0.819640, 0.516299, 0.248244, -0.461828, 0.851900, -0.246944),
      ["RightLowerArm"] = CFrame.new(-0.000000, -0.000000, -0.000000, 1.000000, 0.000000, 0.000000, 0.000000, 0.918432, -0.395579, 0.000000, 0.395579, 0.918432),
      ["RightLowerLeg"] = CFrame.new(-0.000000, -0.000000, 0.000000, 1.000000, -0.000000, 0.000000, 0.000000, 0.614650, 0.788800, -0.000000, -0.788800, 0.614650),
      ["RightUpperArm"] = CFrame.new(0.000000, 0.000000, -0.000000, 1.000000, 0.000000, 0.000000, 0.000000, -0.231716, -0.972784, 0.000000, 0.972784, -0.231716),
      ["RightUpperLeg"] = CFrame.new(0.000000, 0.038582, -0.234065, 0.915459, -0.401920, -0.019863, 0.098090, 0.270747, -0.957640, 0.390272, 0.874732, 0.287282),
      ["UpperTorso"] = CFrame.new(-0.000000, -0.077163, 0.468130, 1.000000, 0.000000, 0.000000, 0.000000, 0.712723, -0.701446, 0.000000, 0.701446, 0.712723)
    }},
    {Time = 0.417, Data = {
      ["Head"] = CFrame.new(-0.000000, 0.000000, 0.000000, 1.000000, 0.000000, 0.000000, 0.000000, 1.000000, 0.000000, 0.000000, 0.000000, 1.000000),
      ["LeftFoot"] = CFrame.new(0.015523, -0.077994, 0.032175, 0.715809, -0.236116, -0.657166, -0.219336, 0.817445, -0.532612, 0.662955, 0.525389, 0.533346),
      ["LeftHand"] = CFrame.new(0.000000, -0.014280, -0.012582, 0.278431, -0.054397, -0.958915, -0.853500, 0.443856, -0.273002, 0.440470, 0.894446, 0.077156),
      ["LeftLowerArm"] = CFrame.new(-0.000000, 0.000000, 0.000000, 1.000000, 0.000000, 0.000000, 0.000000, 0.932355, -0.361544, 0.000000, 0.361544, 0.932355),
      ["LeftLowerLeg"] = CFrame.new(-0.000000, 0.000000, -0.000000, 1.000000, -0.000000, 0.000000, 0.000000, 0.614650, 0.788800, -0.000000, -0.788800, 0.614650),
      ["LeftUpperArm"] = CFrame.new(0.000000, -0.000000, -0.000000, 1.000000, 0.000000, 0.000000, 0.000000, -0.231716, -0.972784, 0.000000, 0.972784, -0.231716),
      ["LeftUpperLeg"] = CFrame.new(0.000000, 0.039952, -0.242377, 0.710422, 0.576066, 0.404288, 0.141063, 0.446242, -0.883725, -0.689494, 0.684848, 0.235759),
      ["LowerTorso"] = CFrame.new(-0.000000, -0.632979, -0.000000, 1.000000, 0.000000, 0.000000, 0.000000, -0.966848, 0.255356, 0.000000, -0.255356, -0.966848),
      ["RightFoot"] = CFrame.new(0.009725, 0.080065, -0.029229, 0.972717, 0.147186, -0.179328, -0.218585, 0.840453, -0.495841, 0.077736, 0.521512, 0.849696),
      ["RightHand"] = CFrame.new(-0.000000, 0.014733, 0.012049, -0.338976, 0.087759, 0.936693, 0.819640, 0.516299, 0.248244, -0.461828, 0.851900, -0.246944),
      ["RightLowerArm"] = CFrame.new(-0.000000, -0.000000, -0.000000, 1.000000, 0.000000, 0.000000, 0.000000, 0.918432, -0.395579, 0.000000, 0.395579, 0.918432),
      ["RightLowerLeg"] = CFrame.new(0.000000, -0.000000, 0.000000, 1.000000, -0.000000, 0.000000, 0.000000, 0.614650, 0.788800, -0.000000, -0.788800, 0.614650),
      ["RightUpperArm"] = CFrame.new(0.000000, -0.000000, 0.000000, 1.000000, 0.000000, 0.000000, 0.000000, -0.231716, -0.972784, 0.000000, 0.972784, -0.231716),
      ["RightUpperLeg"] = CFrame.new(0.000000, 0.039952, -0.242377, 0.915466, -0.401905, -0.019844, 0.087565, 0.247104, -0.965025, 0.392752, 0.881710, 0.261408),
      ["UpperTorso"] = CFrame.new(-0.000000, -0.079903, 0.484754, 1.000000, 0.000000, 0.000000, 0.000000, 0.693637, -0.720325, 0.000000, 0.720325, 0.693637)
    }},
    {Time = 0.458, Data = {
      ["Head"] = CFrame.new(0.000000, -0.000000, 0.000000, 1.000000, 0.000000, 0.000000, 0.000000, 1.000000, 0.000000, 0.000000, 0.000000, 1.000000),
      ["LeftFoot"] = CFrame.new(0.015523, -0.077994, 0.032175, 0.715809, -0.236116, -0.657166, -0.219336, 0.817445, -0.532612, 0.662955, 0.525389, 0.533346),
      ["LeftHand"] = CFrame.new(-0.000000, -0.014280, -0.012582, 0.278431, -0.054397, -0.958915, -0.853500, 0.443856, -0.273002, 0.440470, 0.894446, 0.077156),
      ["LeftLowerArm"] = CFrame.new(0.000000, 0.000000, 0.000000, 1.000000, 0.000000, 0.000000, 0.000000, 0.932355, -0.361544, 0.000000, 0.361544, 0.932355),
      ["LeftLowerLeg"] = CFrame.new(-0.000000, 0.000000, 0.000000, 1.000000, -0.000000, 0.000000, 0.000000, 0.614650, 0.788800, -0.000000, -0.788800, 0.614650),
      ["LeftUpperArm"] = CFrame.new(0.000000, 0.000000, -0.000000, 1.000000, 0.000000, 0.000000, 0.000000, -0.231716, -0.972784, 0.000000, 0.972784, -0.231716),
      ["LeftUpperLeg"] = CFrame.new(0.000000, 0.038235, -0.231962, 0.710408, 0.576086, 0.404283, 0.117710, 0.469089, -0.875271, -0.693877, 0.669388, 0.265434),
      ["LowerTorso"] = CFrame.new(-0.000000, -0.632979, -0.000000, 1.000000, 0.000000, 0.000000, 0.000000, -0.958138, 0.286307, 0.000000, -0.286307, -0.958138),
      ["RightFoot"] = CFrame.new(0.009725, 0.080065, -0.029228, 0.972717, 0.147186, -0.179328, -0.218585, 0.840453, -0.495841, 0.077736, 0.521512, 0.849696),
      ["RightHand"] = CFrame.new(0.000000, 0.014733, 0.012049, -0.338976, 0.087759, 0.936693, 0.819640, 0.516299, 0.248244, -0.461828, 0.851900, -0.246944),
      ["RightLowerArm"] = CFrame.new(-0.000000, -0.000000, -0.000000, 1.000000, 0.000000, 0.000000, 0.000000, 0.918432, -0.395579, 0.000000, 0.395579, 0.918432),
      ["RightLowerLeg"] = CFrame.new(0.000000, -0.000000, -0.000000, 1.000000, -0.000000, 0.000000, 0.000000, 0.614650, 0.788800, -0.000000, -0.788800, 0.614650),
      ["RightUpperArm"] = CFrame.new(0.000000, -0.000000, -0.000000, 1.000000, 0.000000, 0.000000, 0.000000, -0.231716, -0.972784, 0.000000, 0.972784, -0.231716),
      ["RightUpperLeg"] = CFrame.new(0.000000, 0.038235, -0.231962, 0.915477, -0.401882, -0.019845, 0.100748, 0.276693, -0.955662, 0.389554, 0.872887, 0.293795),
      ["UpperTorso"] = CFrame.new(-0.000000, -0.076470, 0.463925, 1.000000, 0.000000, 0.000000, 0.000000, 0.717544, -0.696513, 0.000000, 0.696513, 0.717544)
    }},
    {Time = 0.500, Data = {
      ["Head"] = CFrame.new(-0.000000, 0.000000, 0.000000, 1.000000, 0.000000, 0.000000, 0.000000, 1.000000, 0.000000, 0.000000, 0.000000, 1.000000),
      ["LeftFoot"] = CFrame.new(0.015523, -0.077994, 0.032175, 0.715809, -0.236116, -0.657166, -0.219336, 0.817445, -0.532612, 0.662955, 0.525389, 0.533346),
      ["LeftHand"] = CFrame.new(0.000000, -0.014280, -0.012582, 0.278431, -0.054397, -0.958915, -0.853500, 0.443856, -0.273002, 0.440470, 0.894446, 0.077156),
      ["LeftLowerArm"] = CFrame.new(0.000000, 0.000000, 0.000000, 1.000000, 0.000000, 0.000000, 0.000000, 0.932355, -0.361544, 0.000000, 0.361544, 0.932355),
      ["LeftLowerLeg"] = CFrame.new(-0.000000, 0.000000, 0.000000, 1.000000, -0.000000, 0.000000, 0.000000, 0.614650, 0.788800, -0.000000, -0.788800, 0.614650),
      ["LeftUpperArm"] = CFrame.new(0.000000, 0.000000, -0.000000, 1.000000, 0.000000, 0.000000, 0.000000, -0.231716, -0.972784, 0.000000, 0.972784, -0.231716),
      ["LeftUpperLeg"] = CFrame.new(0.000000, 0.033709, -0.204506, 0.710423, 0.576059, 0.404296, 0.054922, 0.527335, -0.847880, -0.701628, 0.624559, 0.342993),
      ["LowerTorso"] = CFrame.new(-0.000000, -0.632979, -0.000000, 1.000000, 0.000000, 0.000000, 0.000000, -0.930114, 0.367271, 0.000000, -0.367271, -0.930114),
      ["RightFoot"] = CFrame.new(0.009726, 0.080065, -0.029229, 0.972717, 0.147186, -0.179328, -0.218585, 0.840453, -0.495841, 0.077736, 0.521512, 0.849696),
      ["RightHand"] = CFrame.new(-0.000000, 0.014733, 0.012049, -0.338976, 0.087759, 0.936693, 0.819640, 0.516299, 0.248244, -0.461828, 0.851900, -0.246944),
      ["RightLowerArm"] = CFrame.new(0.000000, -0.000000, -0.000000, 1.000000, 0.000000, 0.000000, 0.000000, 0.918432, -0.395579, 0.000000, 0.395579, 0.918432),
      ["RightLowerLeg"] = CFrame.new(-0.000000, -0.000000, -0.000000, 1.000000, -0.000000, 0.000000, 0.000000, 0.614650, 0.788800, -0.000000, -0.788800, 0.614650),
      ["RightUpperArm"] = CFrame.new(0.000000, 0.000000, -0.000000, 1.000000, 0.000000, 0.000000, 0.000000, -0.231716, -0.972784, 0.000000, 0.972784, -0.231716),
      ["RightUpperLeg"] = CFrame.new(0.000000, 0.033709, -0.204506, 0.915461, -0.401918, -0.019831, 0.135368, 0.353990, -0.925401, 0.378955, 0.844484, 0.378471),
      ["UpperTorso"] = CFrame.new(-0.000000, -0.067418, 0.409011, 1.000000, 0.000000, 0.000000, 0.000000, 0.777203, -0.629250, 0.000000, 0.629250, 0.777203)
    }},
    {Time = 0.542, Data = {
      ["Head"] = CFrame.new(0.000000, 0.000000, 0.000000, 1.000000, 0.000000, 0.000000, 0.000000, 1.000000, 0.000000, 0.000000, 0.000000, 1.000000),
      ["LeftFoot"] = CFrame.new(0.015523, -0.077994, 0.032175, 0.715809, -0.236116, -0.657166, -0.219336, 0.817445, -0.532612, 0.662955, 0.525389, 0.533346),
      ["LeftHand"] = CFrame.new(-0.000000, -0.014280, -0.012582, 0.278431, -0.054397, -0.958915, -0.853500, 0.443856, -0.273002, 0.440470, 0.894446, 0.077156),
      ["LeftLowerArm"] = CFrame.new(0.000000, 0.000000, 0.000000, 1.000000, 0.000000, 0.000000, 0.000000, 0.932355, -0.361544, 0.000000, 0.361544, 0.932355),
      ["LeftLowerLeg"] = CFrame.new(-0.000000, 0.000000, 0.000000, 1.000000, -0.000000, 0.000000, 0.000000, 0.614650, 0.788800, -0.000000, -0.788800, 0.614650),
      ["LeftUpperArm"] = CFrame.new(0.000000, -0.000000, -0.000000, 1.000000, 0.000000, 0.000000, 0.000000, -0.231716, -0.972784, 0.000000, 0.972784, -0.231716),
      ["LeftUpperLeg"] = CFrame.new(0.000000, 0.027311, -0.165687, 0.710441, 0.576030, 0.404305, -0.035801, 0.603333, -0.796685, -0.702845, 0.551524, 0.449255),
      ["LowerTorso"] = CFrame.new(-0.000000, -0.632979, -0.000000, 1.000000, 0.000000, 0.000000, 0.000000, -0.878100, 0.478478, 0.000000, -0.478478, -0.878100),
      ["RightFoot"] = CFrame.new(0.009725, 0.080065, -0.029229, 0.972717, 0.147186, -0.179328, -0.218585, 0.840453, -0.495841, 0.077736, 0.521512, 0.849696),
      ["RightHand"] = CFrame.new(-0.000000, 0.014733, 0.012049, -0.338976, 0.087759, 0.936693, 0.819640, 0.516299, 0.248244, -0.461828, 0.851900, -0.246944),
      ["RightLowerArm"] = CFrame.new(-0.000000, -0.000000, -0.000000, 1.000000, 0.000000, 0.000000, 0.000000, 0.918432, -0.395579, 0.000000, 0.395579, 0.918432),
      ["RightLowerLeg"] = CFrame.new(0.000000, -0.000000, -0.000000, 1.000000, -0.000000, 0.000000, 0.000000, 0.614650, 0.788800, -0.000000, -0.788800, 0.614650),
      ["RightUpperArm"] = CFrame.new(0.000000, -0.000000, 0.000000, 1.000000, 0.000000, 0.000000, 0.000000, -0.231716, -0.972784, 0.000000, 0.972784, -0.231716),
      ["RightUpperLeg"] = CFrame.new(0.000000, 0.027310, -0.165687, 0.915473, -0.401894, -0.019787, 0.183011, 0.459667, -0.869030, 0.358353, 0.791952, 0.494363),
      ["UpperTorso"] = CFrame.new(-0.000000, -0.054622, 0.331375, 1.000000, 0.000000, 0.000000, 0.000000, 0.851702, -0.524026, 0.000000, 0.524026, 0.851702)
    }},
    {Time = 0.583, Data = {
      ["Head"] = CFrame.new(-0.000000, -0.000000, -0.000000, 1.000000, 0.000000, 0.000000, 0.000000, 1.000000, 0.000000, 0.000000, 0.000000, 1.000000),
      ["LeftFoot"] = CFrame.new(0.015523, -0.077993, 0.032174, 0.715809, -0.236116, -0.657166, -0.219336, 0.817445, -0.532612, 0.662955, 0.525389, 0.533346),
      ["LeftHand"] = CFrame.new(-0.000000, -0.014280, -0.012582, 0.278431, -0.054397, -0.958915, -0.853500, 0.443856, -0.273002, 0.440470, 0.894446, 0.077156),
      ["LeftLowerArm"] = CFrame.new(-0.000000, 0.000000, 0.000000, 1.000000, 0.000000, 0.000000, 0.000000, 0.932355, -0.361544, 0.000000, 0.361544, 0.932355),
      ["LeftLowerLeg"] = CFrame.new(-0.000000, 0.000000, 0.000000, 1.000000, -0.000000, 0.000000, 0.000000, 0.614650, 0.788800, -0.000000, -0.788800, 0.614650),
      ["LeftUpperArm"] = CFrame.new(0.000000, 0.000000, -0.000000, 1.000000, 0.000000, 0.000000, 0.000000, -0.231716, -0.972784, 0.000000, 0.972784, -0.231716),
      ["LeftUpperLeg"] = CFrame.new(0.000000, 0.019976, -0.121188, 0.710399, 0.576056, 0.404342, -0.139982, 0.678684, -0.720967, -0.689738, 0.455573, 0.562774),
      ["LowerTorso"] = CFrame.new(-0.000000, -0.632979, -0.000000, 1.000000, 0.000000, 0.000000, 0.000000, -0.801564, 0.597909, 0.000000, -0.597909, -0.801564),
      ["RightFoot"] = CFrame.new(0.009725, 0.080065, -0.029229, 0.972717, 0.147186, -0.179328, -0.218585, 0.840453, -0.495841, 0.077736, 0.521512, 0.849696),
      ["RightHand"] = CFrame.new(0.000000, 0.014733, 0.012049, -0.338976, 0.087759, 0.936693, 0.819640, 0.516299, 0.248244, -0.461828, 0.851900, -0.246944),
      ["RightLowerArm"] = CFrame.new(-0.000000, -0.000000, -0.000000, 1.000000, 0.000000, 0.000000, 0.000000, 0.918432, -0.395579, 0.000000, 0.395579, 0.918432),
      ["RightLowerLeg"] = CFrame.new(-0.000000, -0.000000, 0.000000, 1.000000, -0.000000, 0.000000, 0.000000, 0.614650, 0.788800, -0.000000, -0.788800, 0.614650),
      ["RightUpperArm"] = CFrame.new(0.000000, 0.000000, -0.000000, 1.000000, 0.000000, 0.000000, 0.000000, -0.231716, -0.972784, 0.000000, 0.972784, -0.231716),
      ["RightUpperLeg"] = CFrame.new(0.000000, 0.019976, -0.121188, 0.915455, -0.401930, -0.019852, 0.234307, 0.572478, -0.785729, 0.327173, 0.714648, 0.618253),
      ["UpperTorso"] = CFrame.new(-0.000000, -0.039952, 0.242377, 1.000000, 0.000000, 0.000000, 0.000000, 0.920235, -0.391366, 0.000000, 0.391366, 0.920235)
    }},
    {Time = 0.625, Data = {
      ["Head"] = CFrame.new(0.000000, 0.000000, -0.000000, 1.000000, 0.000000, 0.000000, 0.000000, 1.000000, 0.000000, 0.000000, 0.000000, 1.000000),
      ["LeftFoot"] = CFrame.new(0.015524, -0.077993, 0.032174, 0.715809, -0.236116, -0.657166, -0.219336, 0.817445, -0.532612, 0.662955, 0.525389, 0.533346),
      ["LeftHand"] = CFrame.new(-0.000000, -0.014280, -0.012582, 0.278431, -0.054397, -0.958915, -0.853500, 0.443856, -0.273002, 0.440470, 0.894446, 0.077156),
      ["LeftLowerArm"] = CFrame.new(-0.000000, 0.000000, 0.000000, 1.000000, 0.000000, 0.000000, 0.000000, 0.932355, -0.361544, 0.000000, 0.361544, 0.932355),
      ["LeftLowerLeg"] = CFrame.new(-0.000000, 0.000000, 0.000000, 1.000000, -0.000000, 0.000000, 0.000000, 0.614650, 0.788800, -0.000000, -0.788800, 0.614650),
      ["LeftUpperArm"] = CFrame.new(0.000000, 0.000000, -0.000000, 1.000000, 0.000000, 0.000000, 0.000000, -0.231716, -0.972784, 0.000000, 0.972784, -0.231716),
      ["LeftUpperLeg"] = CFrame.new(0.000000, 0.012641, -0.076689, 0.710408, 0.576039, 0.404351, -0.241100, 0.738960, -0.629134, -0.661205, 0.349453, 0.663846),
      ["LowerTorso"] = CFrame.new(-0.000000, -0.632979, -0.000000, 1.000000, 0.000000, 0.000000, 0.000000, -0.708849, 0.705360, 0.000000, -0.705360, -0.708849),
      ["RightFoot"] = CFrame.new(0.009725, 0.080065, -0.029229, 0.972717, 0.147186, -0.179328, -0.218585, 0.840453, -0.495841, 0.077736, 0.521512, 0.849696),
      ["RightHand"] = CFrame.new(0.000000, 0.014733, 0.012049, -0.338976, 0.087759, 0.936693, 0.819640, 0.516299, 0.248244, -0.461828, 0.851900, -0.246944),
      ["RightLowerArm"] = CFrame.new(-0.000000, -0.000000, -0.000000, 1.000000, 0.000000, 0.000000, 0.000000, 0.918432, -0.395579, 0.000000, 0.395579, 0.918432),
      ["RightLowerLeg"] = CFrame.new(-0.000000, -0.000000, -0.000000, 1.000000, -0.000000, 0.000000, 0.000000, 0.614650, 0.788800, -0.000000, -0.788800, 0.614650),
      ["RightUpperArm"] = CFrame.new(0.000000, -0.000000, 0.000000, 1.000000, 0.000000, 0.000000, 0.000000, -0.231716, -0.972784, 0.000000, 0.972784, -0.231716),
      ["RightUpperLeg"] = CFrame.new(0.000000, 0.012641, -0.076690, 0.915481, -0.401872, -0.019824, 0.280367, 0.672476, -0.684960, 0.288598, 0.621510, 0.728311),
      ["UpperTorso"] = CFrame.new(-0.000000, -0.025282, 0.153379, 1.000000, 0.000000, 0.000000, 0.000000, 0.968233, -0.250050, 0.000000, 0.250050, 0.968233)
    }},
    {Time = 0.667, Data = {
      ["Head"] = CFrame.new(-0.000000, 0.000000, -0.000000, 1.000000, 0.000000, 0.000000, 0.000000, 1.000000, 0.000000, 0.000000, 0.000000, 1.000000),
      ["LeftFoot"] = CFrame.new(0.015523, -0.077994, 0.032175, 0.715809, -0.236116, -0.657166, -0.219336, 0.817445, -0.532612, 0.662955, 0.525389, 0.533346),
      ["LeftHand"] = CFrame.new(-0.000000, -0.014280, -0.012582, 0.278431, -0.054397, -0.958915, -0.853500, 0.443856, -0.273002, 0.440470, 0.894446, 0.077156),
      ["LeftLowerArm"] = CFrame.new(0.000000, 0.000000, 0.000000, 1.000000, 0.000000, 0.000000, 0.000000, 0.932355, -0.361544, 0.000000, 0.361544, 0.932355),
      ["LeftLowerLeg"] = CFrame.new(0.000000, 0.000000, -0.000000, 1.000000, -0.000000, 0.000000, 0.000000, 0.614650, 0.788800, -0.000000, -0.788800, 0.614650),
